1 0
2 3 4 0
-2 -3 0
-2 -4 0
-3 -4 0
5 0
6 7 8 0
-6 -7 0
-6 -8 0
-7 -8 0
9 10 11 0
-9 -10 0
-9 -11 0
-10 -11 0
12 13 14 0
-12 -13 0
-12 -14 0
-13 -14 0
15 16 17 0
-15 -16 0
-15 -17 0
-16 -17 0
18 19 0
-18 -19 0
20 21 22 0
-20 -21 0
-20 -22 0
-21 -22 0
23 24 25 0
-23 -24 0
-23 -25 0
-24 -25 0
26 27 28 0
-26 -27 0
-26 -28 0
-27 -28 0
29 30 0
-29 -30 0
31 32 0
-31 -32 0
33 34 35 0
-33 -34 0
-33 -35 0
-34 -35 0
36 37 0
-36 -37 0
38 39 0
-38 -39 0
40 41 0
-40 -41 0
42 43 44 0
-42 -43 0
-42 -44 0
-43 -44 0
45 46 47 0
-45 -46 0
-45 -47 0
-46 -47 0
48 49 50 0
-48 -49 0
-48 -50 0
-49 -50 0
51 52 0
-51 -52 0
53 54 0
-53 -54 0
55 56 57 0
-55 -56 0
-55 -57 0
-56 -57 0
58 59 0
-58 -59 0
60 61 0
-60 -61 0
62 63 64 0
-62 -63 0
-62 -64 0
-63 -64 0
65 66 0
-65 -66 0
67 68 69 0
-67 -68 0
-67 -69 0
-68 -69 0
70 71 0
-70 -71 0
72 73 0
-72 -73 0
-2 -6 -9 -12 -15 0
-2 -6 -9 -12 -20 0
-2 -6 -9 -12 -23 0
-2 -6 -9 -12 -26 0
-2 -6 -9 -12 -31 0
-2 -6 -9 -12 -33 0
-2 -6 -9 -15 -20 0
-2 -6 -9 -15 -23 0
-2 -6 -9 -15 -26 0
-2 -6 -9 -15 -31 0
-2 -6 -9 -15 -33 0
-2 -6 -9 -20 -23 0
-2 -6 -9 -20 -26 0
-2 -6 -9 -20 -31 0
-2 -6 -9 -20 -33 0
-2 -6 -9 -23 -26 0
-2 -6 -9 -23 -31 0
-2 -6 -9 -23 -33 0
-2 -6 -9 -26 -31 0
-2 -6 -9 -26 -33 0
-2 -6 -9 -31 -33 0
-2 -6 -12 -15 -20 0
-2 -6 -12 -15 -23 0
-2 -6 -12 -15 -26 0
-2 -6 -12 -15 -31 0
-2 -6 -12 -15 -33 0
-2 -6 -12 -20 -23 0
-2 -6 -12 -20 -26 0
-2 -6 -12 -20 -31 0
-2 -6 -12 -20 -33 0
-2 -6 -12 -23 -26 0
-2 -6 -12 -23 -31 0
-2 -6 -12 -23 -33 0
-2 -6 -12 -26 -31 0
-2 -6 -12 -26 -33 0
-2 -6 -12 -31 -33 0
-2 -6 -15 -20 -23 0
-2 -6 -15 -20 -26 0
-2 -6 -15 -20 -31 0
-2 -6 -15 -20 -33 0
-2 -6 -15 -23 -26 0
-2 -6 -15 -23 -31 0
-2 -6 -15 -23 -33 0
-2 -6 -15 -26 -31 0
-2 -6 -15 -26 -33 0
-2 -6 -15 -31 -33 0
-2 -6 -20 -23 -26 0
-2 -6 -20 -23 -31 0
-2 -6 -20 -23 -33 0
-2 -6 -20 -26 -31 0
-2 -6 -20 -26 -33 0
-2 -6 -20 -31 -33 0
-2 -6 -23 -26 -31 0
-2 -6 -23 -26 -33 0
-2 -6 -23 -31 -33 0
-2 -6 -26 -31 -33 0
-2 -9 -12 -15 -20 0
-2 -9 -12 -15 -23 0
-2 -9 -12 -15 -26 0
-2 -9 -12 -15 -31 0
-2 -9 -12 -15 -33 0
-2 -9 -12 -20 -23 0
-2 -9 -12 -20 -26 0
-2 -9 -12 -20 -31 0
-2 -9 -12 -20 -33 0
-2 -9 -12 -23 -26 0
-2 -9 -12 -23 -31 0
-2 -9 -12 -23 -33 0
-2 -9 -12 -26 -31 0
-2 -9 -12 -26 -33 0
-2 -9 -12 -31 -33 0
-2 -9 -15 -20 -23 0
-2 -9 -15 -20 -26 0
-2 -9 -15 -20 -31 0
-2 -9 -15 -20 -33 0
-2 -9 -15 -23 -26 0
-2 -9 -15 -23 -31 0
-2 -9 -15 -23 -33 0
-2 -9 -15 -26 -31 0
-2 -9 -15 -26 -33 0
-2 -9 -15 -31 -33 0
-2 -9 -20 -23 -26 0
-2 -9 -20 -23 -31 0
-2 -9 -20 -23 -33 0
-2 -9 -20 -26 -31 0
-2 -9 -20 -26 -33 0
-2 -9 -20 -31 -33 0
-2 -9 -23 -26 -31 0
-2 -9 -23 -26 -33 0
-2 -9 -23 -31 -33 0
-2 -9 -26 -31 -33 0
-2 -12 -15 -20 -23 0
-2 -12 -15 -20 -26 0
-2 -12 -15 -20 -31 0
-2 -12 -15 -20 -33 0
-2 -12 -15 -23 -26 0
-2 -12 -15 -23 -31 0
-2 -12 -15 -23 -33 0
-2 -12 -15 -26 -31 0
-2 -12 -15 -26 -33 0
-2 -12 -15 -31 -33 0
-2 -12 -20 -23 -26 0
-2 -12 -20 -23 -31 0
-2 -12 -20 -23 -33 0
-2 -12 -20 -26 -31 0
-2 -12 -20 -26 -33 0
-2 -12 -20 -31 -33 0
-2 -12 -23 -26 -31 0
-2 -12 -23 -26 -33 0
-2 -12 -23 -31 -33 0
-2 -12 -26 -31 -33 0
-2 -15 -20 -23 -26 0
-2 -15 -20 -23 -31 0
-2 -15 -20 -23 -33 0
-2 -15 -20 -26 -31 0
-2 -15 -20 -26 -33 0
-2 -15 -20 -31 -33 0
-2 -15 -23 -26 -31 0
-2 -15 -23 -26 -33 0
-2 -15 -23 -31 -33 0
-2 -15 -26 -31 -33 0
-2 -20 -23 -26 -31 0
-2 -20 -23 -26 -33 0
-2 -20 -23 -31 -33 0
-2 -20 -26 -31 -33 0
-2 -23 -26 -31 -33 0
-6 -9 -12 -15 -20 0
-6 -9 -12 -15 -23 0
-6 -9 -12 -15 -26 0
-6 -9 -12 -15 -31 0
-6 -9 -12 -15 -33 0
-6 -9 -12 -20 -23 0
-6 -9 -12 -20 -26 0
-6 -9 -12 -20 -31 0
-6 -9 -12 -20 -33 0
-6 -9 -12 -23 -26 0
-6 -9 -12 -23 -31 0
-6 -9 -12 -23 -33 0
-6 -9 -12 -26 -31 0
-6 -9 -12 -26 -33 0
-6 -9 -12 -31 -33 0
-6 -9 -15 -20 -23 0
-6 -9 -15 -20 -26 0
-6 -9 -15 -20 -31 0
-6 -9 -15 -20 -33 0
-6 -9 -15 -23 -26 0
-6 -9 -15 -23 -31 0
-6 -9 -15 -23 -33 0
-6 -9 -15 -26 -31 0
-6 -9 -15 -26 -33 0
-6 -9 -15 -31 -33 0
-6 -9 -20 -23 -26 0
-6 -9 -20 -23 -31 0
-6 -9 -20 -23 -33 0
-6 -9 -20 -26 -31 0
-6 -9 -20 -26 -33 0
-6 -9 -20 -31 -33 0
-6 -9 -23 -26 -31 0
-6 -9 -23 -26 -33 0
-6 -9 -23 -31 -33 0
-6 -9 -26 -31 -33 0
-6 -12 -15 -20 -23 0
-6 -12 -15 -20 -26 0
-6 -12 -15 -20 -31 0
-6 -12 -15 -20 -33 0
-6 -12 -15 -23 -26 0
-6 -12 -15 -23 -31 0
-6 -12 -15 -23 -33 0
-6 -12 -15 -26 -31 0
-6 -12 -15 -26 -33 0
-6 -12 -15 -31 -33 0
-6 -12 -20 -23 -26 0
-6 -12 -20 -23 -31 0
-6 -12 -20 -23 -33 0
-6 -12 -20 -26 -31 0
-6 -12 -20 -26 -33 0
-6 -12 -20 -31 -33 0
-6 -12 -23 -26 -31 0
-6 -12 -23 -26 -33 0
-6 -12 -23 -31 -33 0
-6 -12 -26 -31 -33 0
-6 -15 -20 -23 -26 0
-6 -15 -20 -23 -31 0
-6 -15 -20 -23 -33 0
-6 -15 -20 -26 -31 0
-6 -15 -20 -26 -33 0
-6 -15 -20 -31 -33 0
-6 -15 -23 -26 -31 0
-6 -15 -23 -26 -33 0
-6 -15 -23 -31 -33 0
-6 -15 -26 -31 -33 0
-6 -20 -23 -26 -31 0
-6 -20 -23 -26 -33 0
-6 -20 -23 -31 -33 0
-6 -20 -26 -31 -33 0
-6 -23 -26 -31 -33 0
-9 -12 -15 -20 -23 0
-9 -12 -15 -20 -26 0
-9 -12 -15 -20 -31 0
-9 -12 -15 -20 -33 0
-9 -12 -15 -23 -26 0
-9 -12 -15 -23 -31 0
-9 -12 -15 -23 -33 0
-9 -12 -15 -26 -31 0
-9 -12 -15 -26 -33 0
-9 -12 -15 -31 -33 0
-9 -12 -20 -23 -26 0
-9 -12 -20 -23 -31 0
-9 -12 -20 -23 -33 0
-9 -12 -20 -26 -31 0
-9 -12 -20 -26 -33 0
-9 -12 -20 -31 -33 0
-9 -12 -23 -26 -31 0
-9 -12 -23 -26 -33 0
-9 -12 -23 -31 -33 0
-9 -12 -26 -31 -33 0
-9 -15 -20 -23 -26 0
-9 -15 -20 -23 -31 0
-9 -15 -20 -23 -33 0
-9 -15 -20 -26 -31 0
-9 -15 -20 -26 -33 0
-9 -15 -20 -31 -33 0
-9 -15 -23 -26 -31 0
-9 -15 -23 -26 -33 0
-9 -15 -23 -31 -33 0
-9 -15 -26 -31 -33 0
-9 -20 -23 -26 -31 0
-9 -20 -23 -26 -33 0
-9 -20 -23 -31 -33 0
-9 -20 -26 -31 -33 0
-9 -23 -26 -31 -33 0
-12 -15 -20 -23 -26 0
-12 -15 -20 -23 -31 0
-12 -15 -20 -23 -33 0
-12 -15 -20 -26 -31 0
-12 -15 -20 -26 -33 0
-12 -15 -20 -31 -33 0
-12 -15 -23 -26 -31 0
-12 -15 -23 -26 -33 0
-12 -15 -23 -31 -33 0
-12 -15 -26 -31 -33 0
-12 -20 -23 -26 -31 0
-12 -20 -23 -26 -33 0
-12 -20 -23 -31 -33 0
-12 -20 -26 -31 -33 0
-12 -23 -26 -31 -33 0
-15 -20 -23 -26 -31 0
-15 -20 -23 -26 -33 0
-15 -20 -23 -31 -33 0
-15 -20 -26 -31 -33 0
-15 -23 -26 -31 -33 0
-20 -23 -26 -31 -33 0
-1 -3 -7 -13 -16 0
-1 -3 -7 -13 -21 0
-1 -3 -7 -13 -24 0
-1 -3 -7 -13 -27 0
-1 -3 -7 -13 -32 0
-1 -3 -7 -13 -36 0
-1 -3 -7 -16 -21 0
-1 -3 -7 -16 -24 0
-1 -3 -7 -16 -27 0
-1 -3 -7 -16 -32 0
-1 -3 -7 -16 -36 0
-1 -3 -7 -21 -24 0
-1 -3 -7 -21 -27 0
-1 -3 -7 -21 -32 0
-1 -3 -7 -21 -36 0
-1 -3 -7 -24 -27 0
-1 -3 -7 -24 -32 0
-1 -3 -7 -24 -36 0
-1 -3 -7 -27 -32 0
-1 -3 -7 -27 -36 0
-1 -3 -7 -32 -36 0
-1 -3 -13 -16 -21 0
-1 -3 -13 -16 -24 0
-1 -3 -13 -16 -27 0
-1 -3 -13 -16 -32 0
-1 -3 -13 -16 -36 0
-1 -3 -13 -21 -24 0
-1 -3 -13 -21 -27 0
-1 -3 -13 -21 -32 0
-1 -3 -13 -21 -36 0
-1 -3 -13 -24 -27 0
-1 -3 -13 -24 -32 0
-1 -3 -13 -24 -36 0
-1 -3 -13 -27 -32 0
-1 -3 -13 -27 -36 0
-1 -3 -13 -32 -36 0
-1 -3 -16 -21 -24 0
-1 -3 -16 -21 -27 0
-1 -3 -16 -21 -32 0
-1 -3 -16 -21 -36 0
-1 -3 -16 -24 -27 0
-1 -3 -16 -24 -32 0
-1 -3 -16 -24 -36 0
-1 -3 -16 -27 -32 0
-1 -3 -16 -27 -36 0
-1 -3 -16 -32 -36 0
-1 -3 -21 -24 -27 0
-1 -3 -21 -24 -32 0
-1 -3 -21 -24 -36 0
-1 -3 -21 -27 -32 0
-1 -3 -21 -27 -36 0
-1 -3 -21 -32 -36 0
-1 -3 -24 -27 -32 0
-1 -3 -24 -27 -36 0
-1 -3 -24 -32 -36 0
-1 -3 -27 -32 -36 0
-1 -7 -13 -16 -21 0
-1 -7 -13 -16 -24 0
-1 -7 -13 -16 -27 0
-1 -7 -13 -16 -32 0
-1 -7 -13 -16 -36 0
-1 -7 -13 -21 -24 0
-1 -7 -13 -21 -27 0
-1 -7 -13 -21 -32 0
-1 -7 -13 -21 -36 0
-1 -7 -13 -24 -27 0
-1 -7 -13 -24 -32 0
-1 -7 -13 -24 -36 0
-1 -7 -13 -27 -32 0
-1 -7 -13 -27 -36 0
-1 -7 -13 -32 -36 0
-1 -7 -16 -21 -24 0
-1 -7 -16 -21 -27 0
-1 -7 -16 -21 -32 0
-1 -7 -16 -21 -36 0
-1 -7 -16 -24 -27 0
-1 -7 -16 -24 -32 0
-1 -7 -16 -24 -36 0
-1 -7 -16 -27 -32 0
-1 -7 -16 -27 -36 0
-1 -7 -16 -32 -36 0
-1 -7 -21 -24 -27 0
-1 -7 -21 -24 -32 0
-1 -7 -21 -24 -36 0
-1 -7 -21 -27 -32 0
-1 -7 -21 -27 -36 0
-1 -7 -21 -32 -36 0
-1 -7 -24 -27 -32 0
-1 -7 -24 -27 -36 0
-1 -7 -24 -32 -36 0
-1 -7 -27 -32 -36 0
-1 -13 -16 -21 -24 0
-1 -13 -16 -21 -27 0
-1 -13 -16 -21 -32 0
-1 -13 -16 -21 -36 0
-1 -13 -16 -24 -27 0
-1 -13 -16 -24 -32 0
-1 -13 -16 -24 -36 0
-1 -13 -16 -27 -32 0
-1 -13 -16 -27 -36 0
-1 -13 -16 -32 -36 0
-1 -13 -21 -24 -27 0
-1 -13 -21 -24 -32 0
-1 -13 -21 -24 -36 0
-1 -13 -21 -27 -32 0
-1 -13 -21 -27 -36 0
-1 -13 -21 -32 -36 0
-1 -13 -24 -27 -32 0
-1 -13 -24 -27 -36 0
-1 -13 -24 -32 -36 0
-1 -13 -27 -32 -36 0
-1 -16 -21 -24 -27 0
-1 -16 -21 -24 -32 0
-1 -16 -21 -24 -36 0
-1 -16 -21 -27 -32 0
-1 -16 -21 -27 -36 0
-1 -16 -21 -32 -36 0
-1 -16 -24 -27 -32 0
-1 -16 -24 -27 -36 0
-1 -16 -24 -32 -36 0
-1 -16 -27 -32 -36 0
-1 -21 -24 -27 -32 0
-1 -21 -24 -27 -36 0
-1 -21 -24 -32 -36 0
-1 -21 -27 -32 -36 0
-1 -24 -27 -32 -36 0
-3 -7 -13 -16 -21 0
-3 -7 -13 -16 -24 0
-3 -7 -13 -16 -27 0
-3 -7 -13 -16 -32 0
-3 -7 -13 -16 -36 0
-3 -7 -13 -21 -24 0
-3 -7 -13 -21 -27 0
-3 -7 -13 -21 -32 0
-3 -7 -13 -21 -36 0
-3 -7 -13 -24 -27 0
-3 -7 -13 -24 -32 0
-3 -7 -13 -24 -36 0
-3 -7 -13 -27 -32 0
-3 -7 -13 -27 -36 0
-3 -7 -13 -32 -36 0
-3 -7 -16 -21 -24 0
-3 -7 -16 -21 -27 0
-3 -7 -16 -21 -32 0
-3 -7 -16 -21 -36 0
-3 -7 -16 -24 -27 0
-3 -7 -16 -24 -32 0
-3 -7 -16 -24 -36 0
-3 -7 -16 -27 -32 0
-3 -7 -16 -27 -36 0
-3 -7 -16 -32 -36 0
-3 -7 -21 -24 -27 0
-3 -7 -21 -24 -32 0
-3 -7 -21 -24 -36 0
-3 -7 -21 -27 -32 0
-3 -7 -21 -27 -36 0
-3 -7 -21 -32 -36 0
-3 -7 -24 -27 -32 0
-3 -7 -24 -27 -36 0
-3 -7 -24 -32 -36 0
-3 -7 -27 -32 -36 0
-3 -13 -16 -21 -24 0
-3 -13 -16 -21 -27 0
-3 -13 -16 -21 -32 0
-3 -13 -16 -21 -36 0
-3 -13 -16 -24 -27 0
-3 -13 -16 -24 -32 0
-3 -13 -16 -24 -36 0
-3 -13 -16 -27 -32 0
-3 -13 -16 -27 -36 0
-3 -13 -16 -32 -36 0
-3 -13 -21 -24 -27 0
-3 -13 -21 -24 -32 0
-3 -13 -21 -24 -36 0
-3 -13 -21 -27 -32 0
-3 -13 -21 -27 -36 0
-3 -13 -21 -32 -36 0
-3 -13 -24 -27 -32 0
-3 -13 -24 -27 -36 0
-3 -13 -24 -32 -36 0
-3 -13 -27 -32 -36 0
-3 -16 -21 -24 -27 0
-3 -16 -21 -24 -32 0
-3 -16 -21 -24 -36 0
-3 -16 -21 -27 -32 0
-3 -16 -21 -27 -36 0
-3 -16 -21 -32 -36 0
-3 -16 -24 -27 -32 0
-3 -16 -24 -27 -36 0
-3 -16 -24 -32 -36 0
-3 -16 -27 -32 -36 0
-3 -21 -24 -27 -32 0
-3 -21 -24 -27 -36 0
-3 -21 -24 -32 -36 0
-3 -21 -27 -32 -36 0
-3 -24 -27 -32 -36 0
-7 -13 -16 -21 -24 0
-7 -13 -16 -21 -27 0
-7 -13 -16 -21 -32 0
-7 -13 -16 -21 -36 0
-7 -13 -16 -24 -27 0
-7 -13 -16 -24 -32 0
-7 -13 -16 -24 -36 0
-7 -13 -16 -27 -32 0
-7 -13 -16 -27 -36 0
-7 -13 -16 -32 -36 0
-7 -13 -21 -24 -27 0
-7 -13 -21 -24 -32 0
-7 -13 -21 -24 -36 0
-7 -13 -21 -27 -32 0
-7 -13 -21 -27 -36 0
-7 -13 -21 -32 -36 0
-7 -13 -24 -27 -32 0
-7 -13 -24 -27 -36 0
-7 -13 -24 -32 -36 0
-7 -13 -27 -32 -36 0
-7 -16 -21 -24 -27 0
-7 -16 -21 -24 -32 0
-7 -16 -21 -24 -36 0
-7 -16 -21 -27 -32 0
-7 -16 -21 -27 -36 0
-7 -16 -21 -32 -36 0
-7 -16 -24 -27 -32 0
-7 -16 -24 -27 -36 0
-7 -16 -24 -32 -36 0
-7 -16 -27 -32 -36 0
-7 -21 -24 -27 -32 0
-7 -21 -24 -27 -36 0
-7 -21 -24 -32 -36 0
-7 -21 -27 -32 -36 0
-7 -24 -27 -32 -36 0
-13 -16 -21 -24 -27 0
-13 -16 -21 -24 -32 0
-13 -16 -21 -24 -36 0
-13 -16 -21 -27 -32 0
-13 -16 -21 -27 -36 0
-13 -16 -21 -32 -36 0
-13 -16 -24 -27 -32 0
-13 -16 -24 -27 -36 0
-13 -16 -24 -32 -36 0
-13 -16 -27 -32 -36 0
-13 -21 -24 -27 -32 0
-13 -21 -24 -27 -36 0
-13 -21 -24 -32 -36 0
-13 -21 -27 -32 -36 0
-13 -24 -27 -32 -36 0
-16 -21 -24 -27 -32 0
-16 -21 -24 -27 -36 0
-16 -21 -24 -32 -36 0
-16 -21 -27 -32 -36 0
-16 -24 -27 -32 -36 0
-21 -24 -27 -32 -36 0
-5 -10 -14 -18 -22 0
-5 -10 -14 -18 -28 0
-5 -10 -14 -18 -29 0
-5 -10 -14 -18 -34 0
-5 -10 -14 -18 -37 0
-5 -10 -14 -22 -28 0
-5 -10 -14 -22 -29 0
-5 -10 -14 -22 -34 0
-5 -10 -14 -22 -37 0
-5 -10 -14 -28 -29 0
-5 -10 -14 -28 -34 0
-5 -10 -14 -28 -37 0
-5 -10 -14 -29 -34 0
-5 -10 -14 -29 -37 0
-5 -10 -14 -34 -37 0
-5 -10 -18 -22 -28 0
-5 -10 -18 -22 -29 0
-5 -10 -18 -22 -34 0
-5 -10 -18 -22 -37 0
-5 -10 -18 -28 -29 0
-5 -10 -18 -28 -34 0
-5 -10 -18 -28 -37 0
-5 -10 -18 -29 -34 0
-5 -10 -18 -29 -37 0
-5 -10 -18 -34 -37 0
-5 -10 -22 -28 -29 0
-5 -10 -22 -28 -34 0
-5 -10 -22 -28 -37 0
-5 -10 -22 -29 -34 0
-5 -10 -22 -29 -37 0
-5 -10 -22 -34 -37 0
-5 -10 -28 -29 -34 0
-5 -10 -28 -29 -37 0
-5 -10 -28 -34 -37 0
-5 -10 -29 -34 -37 0
-5 -14 -18 -22 -28 0
-5 -14 -18 -22 -29 0
-5 -14 -18 -22 -34 0
-5 -14 -18 -22 -37 0
-5 -14 -18 -28 -29 0
-5 -14 -18 -28 -34 0
-5 -14 -18 -28 -37 0
-5 -14 -18 -29 -34 0
-5 -14 -18 -29 -37 0
-5 -14 -18 -34 -37 0
-5 -14 -22 -28 -29 0
-5 -14 -22 -28 -34 0
-5 -14 -22 -28 -37 0
-5 -14 -22 -29 -34 0
-5 -14 -22 -29 -37 0
-5 -14 -22 -34 -37 0
-5 -14 -28 -29 -34 0
-5 -14 -28 -29 -37 0
-5 -14 -28 -34 -37 0
-5 -14 -29 -34 -37 0
-5 -18 -22 -28 -29 0
-5 -18 -22 -28 -34 0
-5 -18 -22 -28 -37 0
-5 -18 -22 -29 -34 0
-5 -18 -22 -29 -37 0
-5 -18 -22 -34 -37 0
-5 -18 -28 -29 -34 0
-5 -18 -28 -29 -37 0
-5 -18 -28 -34 -37 0
-5 -18 -29 -34 -37 0
-5 -22 -28 -29 -34 0
-5 -22 -28 -29 -37 0
-5 -22 -28 -34 -37 0
-5 -22 -29 -34 -37 0
-5 -28 -29 -34 -37 0
-10 -14 -18 -22 -28 0
-10 -14 -18 -22 -29 0
-10 -14 -18 -22 -34 0
-10 -14 -18 -22 -37 0
-10 -14 -18 -28 -29 0
-10 -14 -18 -28 -34 0
-10 -14 -18 -28 -37 0
-10 -14 -18 -29 -34 0
-10 -14 -18 -29 -37 0
-10 -14 -18 -34 -37 0
-10 -14 -22 -28 -29 0
-10 -14 -22 -28 -34 0
-10 -14 -22 -28 -37 0
-10 -14 -22 -29 -34 0
-10 -14 -22 -29 -37 0
-10 -14 -22 -34 -37 0
-10 -14 -28 -29 -34 0
-10 -14 -28 -29 -37 0
-10 -14 -28 -34 -37 0
-10 -14 -29 -34 -37 0
-10 -18 -22 -28 -29 0
-10 -18 -22 -28 -34 0
-10 -18 -22 -28 -37 0
-10 -18 -22 -29 -34 0
-10 -18 -22 -29 -37 0
-10 -18 -22 -34 -37 0
-10 -18 -28 -29 -34 0
-10 -18 -28 -29 -37 0
-10 -18 -28 -34 -37 0
-10 -18 -29 -34 -37 0
-10 -22 -28 -29 -34 0
-10 -22 -28 -29 -37 0
-10 -22 -28 -34 -37 0
-10 -22 -29 -34 -37 0
-10 -28 -29 -34 -37 0
-14 -18 -22 -28 -29 0
-14 -18 -22 -28 -34 0
-14 -18 -22 -28 -37 0
-14 -18 -22 -29 -34 0
-14 -18 -22 -29 -37 0
-14 -18 -22 -34 -37 0
-14 -18 -28 -29 -34 0
-14 -18 -28 -29 -37 0
-14 -18 -28 -34 -37 0
-14 -18 -29 -34 -37 0
-14 -22 -28 -29 -34 0
-14 -22 -28 -29 -37 0
-14 -22 -28 -34 -37 0
-14 -22 -29 -34 -37 0
-14 -28 -29 -34 -37 0
-18 -22 -28 -29 -34 0
-18 -22 -28 -29 -37 0
-18 -22 -28 -34 -37 0
-18 -22 -29 -34 -37 0
-18 -28 -29 -34 -37 0
-22 -28 -29 -34 -37 0
-4 -8 -11 -17 -19 0
-4 -8 -11 -17 -25 0
-4 -8 -11 -17 -30 0
-4 -8 -11 -17 -35 0
-4 -8 -11 -19 -25 0
-4 -8 -11 -19 -30 0
-4 -8 -11 -19 -35 0
-4 -8 -11 -25 -30 0
-4 -8 -11 -25 -35 0
-4 -8 -11 -30 -35 0
-4 -8 -17 -19 -25 0
-4 -8 -17 -19 -30 0
-4 -8 -17 -19 -35 0
-4 -8 -17 -25 -30 0
-4 -8 -17 -25 -35 0
-4 -8 -17 -30 -35 0
-4 -8 -19 -25 -30 0
-4 -8 -19 -25 -35 0
-4 -8 -19 -30 -35 0
-4 -8 -25 -30 -35 0
-4 -11 -17 -19 -25 0
-4 -11 -17 -19 -30 0
-4 -11 -17 -19 -35 0
-4 -11 -17 -25 -30 0
-4 -11 -17 -25 -35 0
-4 -11 -17 -30 -35 0
-4 -11 -19 -25 -30 0
-4 -11 -19 -25 -35 0
-4 -11 -19 -30 -35 0
-4 -11 -25 -30 -35 0
-4 -17 -19 -25 -30 0
-4 -17 -19 -25 -35 0
-4 -17 -19 -30 -35 0
-4 -17 -25 -30 -35 0
-4 -19 -25 -30 -35 0
-8 -11 -17 -19 -25 0
-8 -11 -17 -19 -30 0
-8 -11 -17 -19 -35 0
-8 -11 -17 -25 -30 0
-8 -11 -17 -25 -35 0
-8 -11 -17 -30 -35 0
-8 -11 -19 -25 -30 0
-8 -11 -19 -25 -35 0
-8 -11 -19 -30 -35 0
-8 -11 -25 -30 -35 0
-8 -17 -19 -25 -30 0
-8 -17 -19 -25 -35 0
-8 -17 -19 -30 -35 0
-8 -17 -25 -30 -35 0
-8 -19 -25 -30 -35 0
-11 -17 -19 -25 -30 0
-11 -17 -19 -25 -35 0
-11 -17 -19 -30 -35 0
-11 -17 -25 -30 -35 0
-11 -19 -25 -30 -35 0
-17 -19 -25 -30 -35 0
-74 -75 -76 0
-74 -75 -77 0
-74 -76 -77 0
-75 -76 -77 0
-78 -79 -80 0
-78 -79 -81 0
-78 -80 -81 0
-79 -80 -81 0
-82 -83 -84 0
-82 -83 -85 0
-82 -84 -85 0
-83 -84 -85 0
-86 -87 -88 0
-86 -87 -89 0
-86 -88 -89 0
-87 -88 -89 0
-90 -91 74 0
-40 -2 74 0
-42 -92 74 0
-45 -6 74 0
-93 -9 74 0
-94 -12 74 0
-53 -15 74 0
-55 -95 74 0
-96 -20 74 0
-97 -23 74 0
-62 -26 74 0
-98 -99 74 0
-67 -31 74 0
-100 -33 74 0
-101 -102 74 0
-90 -1 75 0
-40 -3 75 0
-42 -103 75 0
-45 -7 75 0
-93 -104 75 0
-94 -13 75 0
-53 -16 75 0
-55 -105 75 0
-96 -21 75 0
-97 -24 75 0
-62 -27 75 0
-98 -106 75 0
-67 -32 75 0
-100 -107 75 0
-101 -36 75 0
-90 -108 76 0
-40 -109 76 0
-42 -5 76 0
-45 -110 76 0
-93 -10 76 0
-94 -14 76 0
-53 -111 76 0
-55 -18 76 0
-96 -22 76 0
-97 -112 76 0
-62 -28 76 0
-98 -29 76 0
-67 -113 76 0
-100 -34 76 0
-101 -37 76 0
-90 -114 77 0
-40 -4 77 0
-42 -115 77 0
-45 -8 77 0
-93 -11 77 0
-94 -116 77 0
-53 -17 77 0
-55 -19 77 0
-96 -117 77 0
-97 -25 77 0
-62 -118 77 0
-98 -30 77 0
-67 -119 77 0
-100 -35 77 0
-101 -120 77 0
-38 -91 78 0
-121 -2 78 0
-43 -92 78 0
-122 -6 78 0
-48 -9 78 0
-123 -12 78 0
-54 -15 78 0
-56 -95 78 0
-58 -20 78 0
-124 -23 78 0
-63 -26 78 0
-65 -99 78 0
-125 -31 78 0
-70 -33 78 0
-72 -102 78 0
-38 -1 79 0
-121 -3 79 0
-43 -103 79 0
-122 -7 79 0
-48 -104 79 0
-123 -13 79 0
-54 -16 79 0
-56 -105 79 0
-58 -21 79 0
-124 -24 79 0
-63 -27 79 0
-65 -106 79 0
-125 -32 79 0
-70 -107 79 0
-72 -36 79 0
-38 -108 80 0
-121 -109 80 0
-43 -5 80 0
-122 -110 80 0
-48 -10 80 0
-123 -14 80 0
-54 -111 80 0
-56 -18 80 0
-58 -22 80 0
-124 -112 80 0
-63 -28 80 0
-65 -29 80 0
-125 -113 80 0
-70 -34 80 0
-72 -37 80 0
-38 -114 81 0
-121 -4 81 0
-43 -115 81 0
-122 -8 81 0
-48 -11 81 0
-123 -116 81 0
-54 -17 81 0
-56 -19 81 0
-58 -117 81 0
-124 -25 81 0
-63 -118 81 0
-65 -30 81 0
-125 -119 81 0
-70 -35 81 0
-72 -120 81 0
-126 -91 82 0
-41 -2 82 0
-127 -92 82 0
-46 -6 82 0
-49 -9 82 0
-51 -12 82 0
-128 -15 82 0
-129 -95 82 0
-59 -20 82 0
-60 -23 82 0
-130 -26 82 0
-66 -99 82 0
-68 -31 82 0
-71 -33 82 0
-131 -102 82 0
-126 -1 83 0
-41 -3 83 0
-127 -103 83 0
-46 -7 83 0
-49 -104 83 0
-51 -13 83 0
-128 -16 83 0
-129 -105 83 0
-59 -21 83 0
-60 -24 83 0
-130 -27 83 0
-66 -106 83 0
-68 -32 83 0
-71 -107 83 0
-131 -36 83 0
-126 -108 84 0
-41 -109 84 0
-127 -5 84 0
-46 -110 84 0
-49 -10 84 0
-51 -14 84 0
-128 -111 84 0
-129 -18 84 0
-59 -22 84 0
-60 -112 84 0
-130 -28 84 0
-66 -29 84 0
-68 -113 84 0
-71 -34 84 0
-131 -37 84 0
-126 -114 85 0
-41 -4 85 0
-127 -115 85 0
-46 -8 85 0
-49 -11 85 0
-51 -116 85 0
-128 -17 85 0
-129 -19 85 0
-59 -117 85 0
-60 -25 85 0
-130 -118 85 0
-66 -30 85 0
-68 -119 85 0
-71 -35 85 0
-131 -120 85 0
-39 -91 86 0
-132 -2 86 0
-44 -92 86 0
-47 -6 86 0
-50 -9 86 0
-52 -12 86 0
-133 -15 86 0
-57 -95 86 0
-134 -20 86 0
-61 -23 86 0
-64 -26 86 0
-135 -99 86 0
-69 -31 86 0
-136 -33 86 0
-73 -102 86 0
-39 -1 87 0
-132 -3 87 0
-44 -103 87 0
-47 -7 87 0
-50 -104 87 0
-52 -13 87 0
-133 -16 87 0
-57 -105 87 0
-134 -21 87 0
-61 -24 87 0
-64 -27 87 0
-135 -106 87 0
-69 -32 87 0
-136 -107 87 0
-73 -36 87 0
-39 -108 88 0
-132 -109 88 0
-44 -5 88 0
-47 -110 88 0
-50 -10 88 0
-52 -14 88 0
-133 -111 88 0
-57 -18 88 0
-134 -22 88 0
-61 -112 88 0
-64 -28 88 0
-135 -29 88 0
-69 -113 88 0
-136 -34 88 0
-73 -37 88 0
-39 -114 89 0
-132 -4 89 0
-44 -115 89 0
-47 -8 89 0
-50 -11 89 0
-52 -116 89 0
-133 -17 89 0
-57 -19 89 0
-134 -117 89 0
-61 -25 89 0
-64 -118 89 0
-135 -30 89 0
-69 -119 89 0
-136 -35 89 0
-73 -120 89 0
