-1 2 0
-1 3 0
-4 5 0
-4 6 0
-4 7 0
-4 8 0
-4 9 0
-10 11 0
-10 12 0
-10 13 0
-10 14 0
-15 16 0
-15 17 0
-15 18 0
-15 19 0
-15 20 0
-21 22 0
-21 23 0
-21 24 0
-21 25 0
-26 5 0
-26 6 0
-26 7 0
-26 8 0
-26 9 0
-27 11 0
-27 14 0
-28 16 0
-28 17 0
-28 18 0
-28 19 0
-28 20 0
-29 30 0
-29 22 0
-29 23 0
-29 24 0
-29 25 0
-31 32 0
-31 2 0
-31 33 0
-31 3 0
-31 34 0
-35 11 0
-35 14 0
-36 16 0
-36 17 0
-36 18 0
-36 19 0
-36 20 0
-37 30 0
-37 22 0
-37 23 0
-37 24 0
-37 25 0
-38 2 0
-38 3 0
-39 5 0
-39 6 0
-39 8 0
-40 16 0
-40 17 0
-40 18 0
-40 19 0
-40 20 0
-41 30 0
-41 22 0
-41 23 0
-41 24 0
-41 25 0
-42 32 0
-42 2 0
-42 33 0
-42 3 0
-42 34 0
-43 5 0
-43 6 0
-43 7 0
-43 8 0
-43 9 0
-44 11 0
-44 12 0
-44 13 0
-44 14 0
-44 45 0
-30 46 0
-30 47 0
-22 48 0
-22 49 0
-22 50 0
-22 51 0
-22 52 0
-23 53 0
-23 54 0
-23 55 0
-23 56 0
-24 57 0
-24 58 0
-24 59 0
-24 60 0
-24 61 0
-32 62 0
-32 63 0
-32 64 0
-32 65 0
-2 48 0
-2 49 0
-2 50 0
-2 51 0
-2 52 0
-33 53 0
-33 56 0
-3 57 0
-3 58 0
-3 59 0
-3 60 0
-3 61 0
-5 66 0
-5 62 0
-5 63 0
-5 64 0
-5 65 0
-6 67 0
-6 46 0
-6 68 0
-6 47 0
-6 69 0
-7 53 0
-7 56 0
-8 57 0
-8 58 0
-8 59 0
-8 60 0
-8 61 0
-11 66 0
-11 62 0
-11 63 0
-11 64 0
-11 65 0
-12 46 0
-12 47 0
-13 48 0
-13 49 0
-13 51 0
-14 57 0
-14 58 0
-14 59 0
-14 60 0
-14 61 0
-16 66 0
-16 62 0
-16 63 0
-16 64 0
-16 65 0
-17 67 0
-17 46 0
-17 68 0
-17 47 0
-17 69 0
-18 48 0
-18 49 0
-18 50 0
-18 51 0
-18 52 0
-19 53 0
-19 54 0
-19 55 0
-19 56 0
-19 70 0
-66 71 0
-66 72 0
-62 73 0
-62 74 0
-62 75 0
-62 76 0
-62 77 0
-63 78 0
-63 79 0
-63 80 0
-63 81 0
-64 82 0
-64 83 0
-64 84 0
-64 85 0
-64 86 0
-67 87 0
-67 88 0
-67 89 0
-67 90 0
-46 73 0
-46 74 0
-46 75 0
-46 76 0
-46 77 0
-68 78 0
-68 81 0
-47 82 0
-47 83 0
-47 84 0
-47 85 0
-47 86 0
-48 91 0
-48 87 0
-48 88 0
-48 89 0
-48 90 0
-49 92 0
-49 71 0
-49 93 0
-49 72 0
-49 94 0
-50 78 0
-50 81 0
-51 82 0
-51 83 0
-51 84 0
-51 85 0
-51 86 0
-53 91 0
-53 87 0
-53 88 0
-53 89 0
-53 90 0
-54 71 0
-54 72 0
-55 73 0
-55 74 0
-55 76 0
-56 82 0
-56 83 0
-56 84 0
-56 85 0
-56 86 0
-57 91 0
-57 87 0
-57 88 0
-57 89 0
-57 90 0
-58 92 0
-58 71 0
-58 93 0
-58 72 0
-58 94 0
-59 73 0
-59 74 0
-59 75 0
-59 76 0
-59 77 0
-60 78 0
-60 79 0
-60 80 0
-60 81 0
-60 95 0
-91 96 0
-91 97 0
-87 98 0
-87 99 0
-87 100 0
-87 101 0
-87 102 0
-88 103 0
-88 104 0
-88 105 0
-88 106 0
-89 107 0
-89 108 0
-89 109 0
-89 110 0
-89 111 0
-92 112 0
-92 113 0
-92 114 0
-92 115 0
-71 98 0
-71 99 0
-71 100 0
-71 101 0
-71 102 0
-93 103 0
-93 106 0
-72 107 0
-72 108 0
-72 109 0
-72 110 0
-72 111 0
-73 116 0
-73 112 0
-73 113 0
-73 114 0
-73 115 0
-74 117 0
-74 96 0
-74 118 0
-74 97 0
-74 119 0
-75 103 0
-75 106 0
-76 107 0
-76 108 0
-76 109 0
-76 110 0
-76 111 0
-78 116 0
-78 112 0
-78 113 0
-78 114 0
-78 115 0
-79 96 0
-79 97 0
-80 98 0
-80 99 0
-80 101 0
-81 107 0
-81 108 0
-81 109 0
-81 110 0
-81 111 0
-82 116 0
-82 112 0
-82 113 0
-82 114 0
-82 115 0
-83 117 0
-83 96 0
-83 118 0
-83 97 0
-83 119 0
-84 98 0
-84 99 0
-84 100 0
-84 101 0
-84 102 0
-85 103 0
-85 104 0
-85 105 0
-85 106 0
-85 120 0
-116 121 0
-116 122 0
-112 123 0
-112 124 0
-112 125 0
-112 126 0
-112 127 0
-113 128 0
-113 129 0
-113 130 0
-113 131 0
-114 132 0
-114 133 0
-114 134 0
-114 135 0
-114 136 0
-117 137 0
-117 138 0
-117 139 0
-117 140 0
-96 123 0
-96 124 0
-96 125 0
-96 126 0
-96 127 0
-118 128 0
-118 131 0
-97 132 0
-97 133 0
-97 134 0
-97 135 0
-97 136 0
-98 141 0
-98 137 0
-98 138 0
-98 139 0
-98 140 0
-99 142 0
-99 121 0
-99 143 0
-99 122 0
-99 144 0
-100 128 0
-100 131 0
-101 132 0
-101 133 0
-101 134 0
-101 135 0
-101 136 0
-103 141 0
-103 137 0
-103 138 0
-103 139 0
-103 140 0
-104 121 0
-104 122 0
-105 123 0
-105 124 0
-105 126 0
-106 132 0
-106 133 0
-106 134 0
-106 135 0
-106 136 0
-107 141 0
-107 137 0
-107 138 0
-107 139 0
-107 140 0
-108 142 0
-108 121 0
-108 143 0
-108 122 0
-108 144 0
-109 123 0
-109 124 0
-109 125 0
-109 126 0
-109 127 0
-110 128 0
-110 129 0
-110 130 0
-110 131 0
-110 145 0
-141 146 0
-141 147 0
-137 148 0
-137 149 0
-137 150 0
-137 151 0
-137 152 0
-138 153 0
-138 154 0
-138 155 0
-138 156 0
-139 157 0
-139 158 0
-139 159 0
-139 160 0
-139 161 0
-142 162 0
-142 163 0
-142 164 0
-142 165 0
-121 148 0
-121 149 0
-121 150 0
-121 151 0
-121 152 0
-143 153 0
-143 156 0
-122 157 0
-122 158 0
-122 159 0
-122 160 0
-122 161 0
-123 166 0
-123 162 0
-123 163 0
-123 164 0
-123 165 0
-124 167 0
-124 146 0
-124 168 0
-124 147 0
-124 169 0
-125 153 0
-125 156 0
-126 157 0
-126 158 0
-126 159 0
-126 160 0
-126 161 0
-128 166 0
-128 162 0
-128 163 0
-128 164 0
-128 165 0
-129 146 0
-129 147 0
-130 148 0
-130 149 0
-130 151 0
-131 157 0
-131 158 0
-131 159 0
-131 160 0
-131 161 0
-132 166 0
-132 162 0
-132 163 0
-132 164 0
-132 165 0
-133 167 0
-133 146 0
-133 168 0
-133 147 0
-133 169 0
-134 148 0
-134 149 0
-134 150 0
-134 151 0
-134 152 0
-135 153 0
-135 154 0
-135 155 0
-135 156 0
-135 170 0
-171 172 0
-171 173 0
-174 175 0
-174 176 0
-174 177 0
-174 178 0
-174 179 0
-180 181 0
-180 182 0
-180 183 0
-180 184 0
-185 186 0
-185 187 0
-185 188 0
-185 189 0
-185 190 0
-191 192 0
-191 193 0
-191 194 0
-191 195 0
-196 175 0
-196 176 0
-196 177 0
-196 178 0
-196 179 0
-197 181 0
-197 184 0
-198 186 0
-198 187 0
-198 188 0
-198 189 0
-198 190 0
-199 200 0
-199 192 0
-199 193 0
-199 194 0
-199 195 0
-201 202 0
-201 172 0
-201 203 0
-201 173 0
-201 204 0
-205 181 0
-205 184 0
-206 186 0
-206 187 0
-206 188 0
-206 189 0
-206 190 0
-207 200 0
-207 192 0
-207 193 0
-207 194 0
-207 195 0
-208 172 0
-208 173 0
-209 175 0
-209 176 0
-209 178 0
-210 186 0
-210 187 0
-210 188 0
-210 189 0
-210 190 0
-211 200 0
-211 192 0
-211 193 0
-211 194 0
-211 195 0
-212 202 0
-212 172 0
-212 203 0
-212 173 0
-212 204 0
-213 175 0
-213 176 0
-213 177 0
-213 178 0
-213 179 0
-214 181 0
-214 182 0
-214 183 0
-214 184 0
-214 215 0
-200 216 0
-200 217 0
-192 218 0
-192 219 0
-192 220 0
-192 221 0
-192 222 0
-193 223 0
-193 224 0
-193 225 0
-193 226 0
-194 227 0
-194 228 0
-194 229 0
-194 230 0
-194 231 0
-202 232 0
-202 233 0
-202 234 0
-202 235 0
-172 218 0
-172 219 0
-172 220 0
-172 221 0
-172 222 0
-203 223 0
-203 226 0
-173 227 0
-173 228 0
-173 229 0
-173 230 0
-173 231 0
-175 236 0
-175 232 0
-175 233 0
-175 234 0
-175 235 0
-176 237 0
-176 216 0
-176 238 0
-176 217 0
-176 239 0
-177 223 0
-177 226 0
-178 227 0
-178 228 0
-178 229 0
-178 230 0
-178 231 0
-181 236 0
-181 232 0
-181 233 0
-181 234 0
-181 235 0
-182 216 0
-182 217 0
-183 218 0
-183 219 0
-183 221 0
-184 227 0
-184 228 0
-184 229 0
-184 230 0
-184 231 0
-186 236 0
-186 232 0
-186 233 0
-186 234 0
-186 235 0
-187 237 0
-187 216 0
-187 238 0
-187 217 0
-187 239 0
-188 218 0
-188 219 0
-188 220 0
-188 221 0
-188 222 0
-189 223 0
-189 224 0
-189 225 0
-189 226 0
-189 240 0
-236 241 0
-236 242 0
-232 243 0
-232 244 0
-232 245 0
-232 246 0
-232 247 0
-233 248 0
-233 249 0
-233 250 0
-233 251 0
-234 252 0
-234 253 0
-234 254 0
-234 255 0
-234 256 0
-237 257 0
-237 258 0
-237 259 0
-237 260 0
-216 243 0
-216 244 0
-216 245 0
-216 246 0
-216 247 0
-238 248 0
-238 251 0
-217 252 0
-217 253 0
-217 254 0
-217 255 0
-217 256 0
-218 261 0
-218 257 0
-218 258 0
-218 259 0
-218 260 0
-219 262 0
-219 241 0
-219 263 0
-219 242 0
-219 264 0
-220 248 0
-220 251 0
-221 252 0
-221 253 0
-221 254 0
-221 255 0
-221 256 0
-223 261 0
-223 257 0
-223 258 0
-223 259 0
-223 260 0
-224 241 0
-224 242 0
-225 243 0
-225 244 0
-225 246 0
-226 252 0
-226 253 0
-226 254 0
-226 255 0
-226 256 0
-227 261 0
-227 257 0
-227 258 0
-227 259 0
-227 260 0
-228 262 0
-228 241 0
-228 263 0
-228 242 0
-228 264 0
-229 243 0
-229 244 0
-229 245 0
-229 246 0
-229 247 0
-230 248 0
-230 249 0
-230 250 0
-230 251 0
-230 265 0
-261 266 0
-261 267 0
-257 268 0
-257 269 0
-257 270 0
-257 271 0
-257 272 0
-258 273 0
-258 274 0
-258 275 0
-258 276 0
-259 277 0
-259 278 0
-259 279 0
-259 280 0
-259 281 0
-262 282 0
-262 283 0
-262 284 0
-262 285 0
-241 268 0
-241 269 0
-241 270 0
-241 271 0
-241 272 0
-263 273 0
-263 276 0
-242 277 0
-242 278 0
-242 279 0
-242 280 0
-242 281 0
-243 286 0
-243 282 0
-243 283 0
-243 284 0
-243 285 0
-244 287 0
-244 266 0
-244 288 0
-244 267 0
-244 289 0
-245 273 0
-245 276 0
-246 277 0
-246 278 0
-246 279 0
-246 280 0
-246 281 0
-248 286 0
-248 282 0
-248 283 0
-248 284 0
-248 285 0
-249 266 0
-249 267 0
-250 268 0
-250 269 0
-250 271 0
-251 277 0
-251 278 0
-251 279 0
-251 280 0
-251 281 0
-252 286 0
-252 282 0
-252 283 0
-252 284 0
-252 285 0
-253 287 0
-253 266 0
-253 288 0
-253 267 0
-253 289 0
-254 268 0
-254 269 0
-254 270 0
-254 271 0
-254 272 0
-255 273 0
-255 274 0
-255 275 0
-255 276 0
-255 290 0
-286 291 0
-286 292 0
-282 293 0
-282 294 0
-282 295 0
-282 296 0
-282 297 0
-283 298 0
-283 299 0
-283 300 0
-283 301 0
-284 302 0
-284 303 0
-284 304 0
-284 305 0
-284 306 0
-287 307 0
-287 308 0
-287 309 0
-287 310 0
-266 293 0
-266 294 0
-266 295 0
-266 296 0
-266 297 0
-288 298 0
-288 301 0
-267 302 0
-267 303 0
-267 304 0
-267 305 0
-267 306 0
-268 311 0
-268 307 0
-268 308 0
-268 309 0
-268 310 0
-269 312 0
-269 291 0
-269 313 0
-269 292 0
-269 314 0
-270 298 0
-270 301 0
-271 302 0
-271 303 0
-271 304 0
-271 305 0
-271 306 0
-273 311 0
-273 307 0
-273 308 0
-273 309 0
-273 310 0
-274 291 0
-274 292 0
-275 293 0
-275 294 0
-275 296 0
-276 302 0
-276 303 0
-276 304 0
-276 305 0
-276 306 0
-277 311 0
-277 307 0
-277 308 0
-277 309 0
-277 310 0
-278 312 0
-278 291 0
-278 313 0
-278 292 0
-278 314 0
-279 293 0
-279 294 0
-279 295 0
-279 296 0
-279 297 0
-280 298 0
-280 299 0
-280 300 0
-280 301 0
-280 315 0
-311 316 0
-311 317 0
-307 318 0
-307 319 0
-307 320 0
-307 321 0
-307 322 0
-308 323 0
-308 324 0
-308 325 0
-308 326 0
-309 327 0
-309 328 0
-309 329 0
-309 330 0
-309 331 0
-312 332 0
-312 333 0
-312 334 0
-312 335 0
-291 318 0
-291 319 0
-291 320 0
-291 321 0
-291 322 0
-313 323 0
-313 326 0
-292 327 0
-292 328 0
-292 329 0
-292 330 0
-292 331 0
-293 336 0
-293 332 0
-293 333 0
-293 334 0
-293 335 0
-294 337 0
-294 316 0
-294 338 0
-294 317 0
-294 339 0
-295 323 0
-295 326 0
-296 327 0
-296 328 0
-296 329 0
-296 330 0
-296 331 0
-298 336 0
-298 332 0
-298 333 0
-298 334 0
-298 335 0
-299 316 0
-299 317 0
-300 318 0
-300 319 0
-300 321 0
-301 327 0
-301 328 0
-301 329 0
-301 330 0
-301 331 0
-302 336 0
-302 332 0
-302 333 0
-302 334 0
-302 335 0
-303 337 0
-303 316 0
-303 338 0
-303 317 0
-303 339 0
-304 318 0
-304 319 0
-304 320 0
-304 321 0
-304 322 0
-305 323 0
-305 324 0
-305 325 0
-305 326 0
-305 340 0
-341 342 0
-341 343 0
-344 345 0
-344 346 0
-344 347 0
-344 348 0
-344 349 0
-350 351 0
-350 352 0
-350 353 0
-350 354 0
-355 356 0
-355 357 0
-355 358 0
-355 359 0
-355 360 0
-361 362 0
-361 363 0
-361 364 0
-361 365 0
-366 345 0
-366 346 0
-366 347 0
-366 348 0
-366 349 0
-367 351 0
-367 354 0
-368 356 0
-368 357 0
-368 358 0
-368 359 0
-368 360 0
-369 370 0
-369 362 0
-369 363 0
-369 364 0
-369 365 0
-371 372 0
-371 342 0
-371 373 0
-371 343 0
-371 374 0
-375 351 0
-375 354 0
-376 356 0
-376 357 0
-376 358 0
-376 359 0
-376 360 0
-377 370 0
-377 362 0
-377 363 0
-377 364 0
-377 365 0
-378 342 0
-378 343 0
-379 345 0
-379 346 0
-379 348 0
-380 356 0
-380 357 0
-380 358 0
-380 359 0
-380 360 0
-381 370 0
-381 362 0
-381 363 0
-381 364 0
-381 365 0
-382 372 0
-382 342 0
-382 373 0
-382 343 0
-382 374 0
-383 345 0
-383 346 0
-383 347 0
-383 348 0
-383 349 0
-384 351 0
-384 352 0
-384 353 0
-384 354 0
-384 385 0
-370 386 0
-370 387 0
-362 388 0
-362 389 0
-362 390 0
-362 391 0
-362 392 0
-363 393 0
-363 394 0
-363 395 0
-363 396 0
-364 397 0
-364 398 0
-364 399 0
-364 400 0
-364 401 0
-372 402 0
-372 403 0
-372 404 0
-372 405 0
-342 388 0
-342 389 0
-342 390 0
-342 391 0
-342 392 0
-373 393 0
-373 396 0
-343 397 0
-343 398 0
-343 399 0
-343 400 0
-343 401 0
-345 406 0
-345 402 0
-345 403 0
-345 404 0
-345 405 0
-346 407 0
-346 386 0
-346 408 0
-346 387 0
-346 409 0
-347 393 0
-347 396 0
-348 397 0
-348 398 0
-348 399 0
-348 400 0
-348 401 0
-351 406 0
-351 402 0
-351 403 0
-351 404 0
-351 405 0
-352 386 0
-352 387 0
-353 388 0
-353 389 0
-353 391 0
-354 397 0
-354 398 0
-354 399 0
-354 400 0
-354 401 0
-356 406 0
-356 402 0
-356 403 0
-356 404 0
-356 405 0
-357 407 0
-357 386 0
-357 408 0
-357 387 0
-357 409 0
-358 388 0
-358 389 0
-358 390 0
-358 391 0
-358 392 0
-359 393 0
-359 394 0
-359 395 0
-359 396 0
-359 410 0
-406 411 0
-406 412 0
-402 413 0
-402 414 0
-402 415 0
-402 416 0
-402 417 0
-403 418 0
-403 419 0
-403 420 0
-403 421 0
-404 422 0
-404 423 0
-404 424 0
-404 425 0
-404 426 0
-407 427 0
-407 428 0
-407 429 0
-407 430 0
-386 413 0
-386 414 0
-386 415 0
-386 416 0
-386 417 0
-408 418 0
-408 421 0
-387 422 0
-387 423 0
-387 424 0
-387 425 0
-387 426 0
-388 431 0
-388 427 0
-388 428 0
-388 429 0
-388 430 0
-389 432 0
-389 411 0
-389 433 0
-389 412 0
-389 434 0
-390 418 0
-390 421 0
-391 422 0
-391 423 0
-391 424 0
-391 425 0
-391 426 0
-393 431 0
-393 427 0
-393 428 0
-393 429 0
-393 430 0
-394 411 0
-394 412 0
-395 413 0
-395 414 0
-395 416 0
-396 422 0
-396 423 0
-396 424 0
-396 425 0
-396 426 0
-397 431 0
-397 427 0
-397 428 0
-397 429 0
-397 430 0
-398 432 0
-398 411 0
-398 433 0
-398 412 0
-398 434 0
-399 413 0
-399 414 0
-399 415 0
-399 416 0
-399 417 0
-400 418 0
-400 419 0
-400 420 0
-400 421 0
-400 435 0
-431 436 0
-431 437 0
-427 438 0
-427 439 0
-427 440 0
-427 441 0
-427 442 0
-428 443 0
-428 444 0
-428 445 0
-428 446 0
-429 447 0
-429 448 0
-429 449 0
-429 450 0
-429 451 0
-432 452 0
-432 453 0
-432 454 0
-432 455 0
-411 438 0
-411 439 0
-411 440 0
-411 441 0
-411 442 0
-433 443 0
-433 446 0
-412 447 0
-412 448 0
-412 449 0
-412 450 0
-412 451 0
-413 456 0
-413 452 0
-413 453 0
-413 454 0
-413 455 0
-414 457 0
-414 436 0
-414 458 0
-414 437 0
-414 459 0
-415 443 0
-415 446 0
-416 447 0
-416 448 0
-416 449 0
-416 450 0
-416 451 0
-418 456 0
-418 452 0
-418 453 0
-418 454 0
-418 455 0
-419 436 0
-419 437 0
-420 438 0
-420 439 0
-420 441 0
-421 447 0
-421 448 0
-421 449 0
-421 450 0
-421 451 0
-422 456 0
-422 452 0
-422 453 0
-422 454 0
-422 455 0
-423 457 0
-423 436 0
-423 458 0
-423 437 0
-423 459 0
-424 438 0
-424 439 0
-424 440 0
-424 441 0
-424 442 0
-425 443 0
-425 444 0
-425 445 0
-425 446 0
-425 460 0
-456 461 0
-456 462 0
-452 463 0
-452 464 0
-452 465 0
-452 466 0
-452 467 0
-453 468 0
-453 469 0
-453 470 0
-453 471 0
-454 472 0
-454 473 0
-454 474 0
-454 475 0
-454 476 0
-457 477 0
-457 478 0
-457 479 0
-457 480 0
-436 463 0
-436 464 0
-436 465 0
-436 466 0
-436 467 0
-458 468 0
-458 471 0
-437 472 0
-437 473 0
-437 474 0
-437 475 0
-437 476 0
-438 481 0
-438 477 0
-438 478 0
-438 479 0
-438 480 0
-439 482 0
-439 461 0
-439 483 0
-439 462 0
-439 484 0
-440 468 0
-440 471 0
-441 472 0
-441 473 0
-441 474 0
-441 475 0
-441 476 0
-443 481 0
-443 477 0
-443 478 0
-443 479 0
-443 480 0
-444 461 0
-444 462 0
-445 463 0
-445 464 0
-445 466 0
-446 472 0
-446 473 0
-446 474 0
-446 475 0
-446 476 0
-447 481 0
-447 477 0
-447 478 0
-447 479 0
-447 480 0
-448 482 0
-448 461 0
-448 483 0
-448 462 0
-448 484 0
-449 463 0
-449 464 0
-449 465 0
-449 466 0
-449 467 0
-450 468 0
-450 469 0
-450 470 0
-450 471 0
-450 485 0
-481 486 0
-481 487 0
-477 488 0
-477 489 0
-477 490 0
-477 491 0
-477 492 0
-478 493 0
-478 494 0
-478 495 0
-478 496 0
-479 497 0
-479 498 0
-479 499 0
-479 500 0
-479 501 0
-482 502 0
-482 503 0
-482 504 0
-482 505 0
-461 488 0
-461 489 0
-461 490 0
-461 491 0
-461 492 0
-483 493 0
-483 496 0
-462 497 0
-462 498 0
-462 499 0
-462 500 0
-462 501 0
-463 506 0
-463 502 0
-463 503 0
-463 504 0
-463 505 0
-464 507 0
-464 486 0
-464 508 0
-464 487 0
-464 509 0
-465 493 0
-465 496 0
-466 497 0
-466 498 0
-466 499 0
-466 500 0
-466 501 0
-468 506 0
-468 502 0
-468 503 0
-468 504 0
-468 505 0
-469 486 0
-469 487 0
-470 488 0
-470 489 0
-470 491 0
-471 497 0
-471 498 0
-471 499 0
-471 500 0
-471 501 0
-472 506 0
-472 502 0
-472 503 0
-472 504 0
-472 505 0
-473 507 0
-473 486 0
-473 508 0
-473 487 0
-473 509 0
-474 488 0
-474 489 0
-474 490 0
-474 491 0
-474 492 0
-475 493 0
-475 494 0
-475 495 0
-475 496 0
-475 510 0
-511 512 0
-511 513 0
-514 515 0
-514 516 0
-514 517 0
-514 518 0
-514 519 0
-520 521 0
-520 522 0
-520 523 0
-520 524 0
-525 526 0
-525 527 0
-525 528 0
-525 529 0
-525 530 0
-531 532 0
-531 533 0
-531 534 0
-531 535 0
-536 515 0
-536 516 0
-536 517 0
-536 518 0
-536 519 0
-537 521 0
-537 524 0
-538 526 0
-538 527 0
-538 528 0
-538 529 0
-538 530 0
-539 540 0
-539 532 0
-539 533 0
-539 534 0
-539 535 0
-541 542 0
-541 512 0
-541 543 0
-541 513 0
-541 544 0
-545 521 0
-545 524 0
-546 526 0
-546 527 0
-546 528 0
-546 529 0
-546 530 0
-547 540 0
-547 532 0
-547 533 0
-547 534 0
-547 535 0
-548 512 0
-548 513 0
-549 515 0
-549 516 0
-549 518 0
-550 526 0
-550 527 0
-550 528 0
-550 529 0
-550 530 0
-551 540 0
-551 532 0
-551 533 0
-551 534 0
-551 535 0
-552 542 0
-552 512 0
-552 543 0
-552 513 0
-552 544 0
-553 515 0
-553 516 0
-553 517 0
-553 518 0
-553 519 0
-554 521 0
-554 522 0
-554 523 0
-554 524 0
-554 555 0
-540 556 0
-540 557 0
-532 558 0
-532 559 0
-532 560 0
-532 561 0
-532 562 0
-533 563 0
-533 564 0
-533 565 0
-533 566 0
-534 567 0
-534 568 0
-534 569 0
-534 570 0
-534 571 0
-542 572 0
-542 573 0
-542 574 0
-542 575 0
-512 558 0
-512 559 0
-512 560 0
-512 561 0
-512 562 0
-543 563 0
-543 566 0
-513 567 0
-513 568 0
-513 569 0
-513 570 0
-513 571 0
-515 576 0
-515 572 0
-515 573 0
-515 574 0
-515 575 0
-516 577 0
-516 556 0
-516 578 0
-516 557 0
-516 579 0
-517 563 0
-517 566 0
-518 567 0
-518 568 0
-518 569 0
-518 570 0
-518 571 0
-521 576 0
-521 572 0
-521 573 0
-521 574 0
-521 575 0
-522 556 0
-522 557 0
-523 558 0
-523 559 0
-523 561 0
-524 567 0
-524 568 0
-524 569 0
-524 570 0
-524 571 0
-526 576 0
-526 572 0
-526 573 0
-526 574 0
-526 575 0
-527 577 0
-527 556 0
-527 578 0
-527 557 0
-527 579 0
-528 558 0
-528 559 0
-528 560 0
-528 561 0
-528 562 0
-529 563 0
-529 564 0
-529 565 0
-529 566 0
-529 580 0
-576 581 0
-576 582 0
-572 583 0
-572 584 0
-572 585 0
-572 586 0
-572 587 0
-573 588 0
-573 589 0
-573 590 0
-573 591 0
-574 592 0
-574 593 0
-574 594 0
-574 595 0
-574 596 0
-577 597 0
-577 598 0
-577 599 0
-577 600 0
-556 583 0
-556 584 0
-556 585 0
-556 586 0
-556 587 0
-578 588 0
-578 591 0
-557 592 0
-557 593 0
-557 594 0
-557 595 0
-557 596 0
-558 601 0
-558 597 0
-558 598 0
-558 599 0
-558 600 0
-559 602 0
-559 581 0
-559 603 0
-559 582 0
-559 604 0
-560 588 0
-560 591 0
-561 592 0
-561 593 0
-561 594 0
-561 595 0
-561 596 0
-563 601 0
-563 597 0
-563 598 0
-563 599 0
-563 600 0
-564 581 0
-564 582 0
-565 583 0
-565 584 0
-565 586 0
-566 592 0
-566 593 0
-566 594 0
-566 595 0
-566 596 0
-567 601 0
-567 597 0
-567 598 0
-567 599 0
-567 600 0
-568 602 0
-568 581 0
-568 603 0
-568 582 0
-568 604 0
-569 583 0
-569 584 0
-569 585 0
-569 586 0
-569 587 0
-570 588 0
-570 589 0
-570 590 0
-570 591 0
-570 605 0
-601 606 0
-601 607 0
-597 608 0
-597 609 0
-597 610 0
-597 611 0
-597 612 0
-598 613 0
-598 614 0
-598 615 0
-598 616 0
-599 617 0
-599 618 0
-599 619 0
-599 620 0
-599 621 0
-602 622 0
-602 623 0
-602 624 0
-602 625 0
-581 608 0
-581 609 0
-581 610 0
-581 611 0
-581 612 0
-603 613 0
-603 616 0
-582 617 0
-582 618 0
-582 619 0
-582 620 0
-582 621 0
-583 626 0
-583 622 0
-583 623 0
-583 624 0
-583 625 0
-584 627 0
-584 606 0
-584 628 0
-584 607 0
-584 629 0
-585 613 0
-585 616 0
-586 617 0
-586 618 0
-586 619 0
-586 620 0
-586 621 0
-588 626 0
-588 622 0
-588 623 0
-588 624 0
-588 625 0
-589 606 0
-589 607 0
-590 608 0
-590 609 0
-590 611 0
-591 617 0
-591 618 0
-591 619 0
-591 620 0
-591 621 0
-592 626 0
-592 622 0
-592 623 0
-592 624 0
-592 625 0
-593 627 0
-593 606 0
-593 628 0
-593 607 0
-593 629 0
-594 608 0
-594 609 0
-594 610 0
-594 611 0
-594 612 0
-595 613 0
-595 614 0
-595 615 0
-595 616 0
-595 630 0
-626 631 0
-626 632 0
-622 633 0
-622 634 0
-622 635 0
-622 636 0
-622 637 0
-623 638 0
-623 639 0
-623 640 0
-623 641 0
-624 642 0
-624 643 0
-624 644 0
-624 645 0
-624 646 0
-627 647 0
-627 648 0
-627 649 0
-627 650 0
-606 633 0
-606 634 0
-606 635 0
-606 636 0
-606 637 0
-628 638 0
-628 641 0
-607 642 0
-607 643 0
-607 644 0
-607 645 0
-607 646 0
-608 651 0
-608 647 0
-608 648 0
-608 649 0
-608 650 0
-609 652 0
-609 631 0
-609 653 0
-609 632 0
-609 654 0
-610 638 0
-610 641 0
-611 642 0
-611 643 0
-611 644 0
-611 645 0
-611 646 0
-613 651 0
-613 647 0
-613 648 0
-613 649 0
-613 650 0
-614 631 0
-614 632 0
-615 633 0
-615 634 0
-615 636 0
-616 642 0
-616 643 0
-616 644 0
-616 645 0
-616 646 0
-617 651 0
-617 647 0
-617 648 0
-617 649 0
-617 650 0
-618 652 0
-618 631 0
-618 653 0
-618 632 0
-618 654 0
-619 633 0
-619 634 0
-619 635 0
-619 636 0
-619 637 0
-620 638 0
-620 639 0
-620 640 0
-620 641 0
-620 655 0
-651 656 0
-651 657 0
-647 658 0
-647 659 0
-647 660 0
-647 661 0
-647 662 0
-648 663 0
-648 664 0
-648 665 0
-648 666 0
-649 667 0
-649 668 0
-649 669 0
-649 670 0
-649 671 0
-652 672 0
-652 673 0
-652 674 0
-652 675 0
-631 658 0
-631 659 0
-631 660 0
-631 661 0
-631 662 0
-653 663 0
-653 666 0
-632 667 0
-632 668 0
-632 669 0
-632 670 0
-632 671 0
-633 676 0
-633 672 0
-633 673 0
-633 674 0
-633 675 0
-634 677 0
-634 656 0
-634 678 0
-634 657 0
-634 679 0
-635 663 0
-635 666 0
-636 667 0
-636 668 0
-636 669 0
-636 670 0
-636 671 0
-638 676 0
-638 672 0
-638 673 0
-638 674 0
-638 675 0
-639 656 0
-639 657 0
-640 658 0
-640 659 0
-640 661 0
-641 667 0
-641 668 0
-641 669 0
-641 670 0
-641 671 0
-642 676 0
-642 672 0
-642 673 0
-642 674 0
-642 675 0
-643 677 0
-643 656 0
-643 678 0
-643 657 0
-643 679 0
-644 658 0
-644 659 0
-644 660 0
-644 661 0
-644 662 0
-645 663 0
-645 664 0
-645 665 0
-645 666 0
-645 680 0
-681 682 0
-681 683 0
-684 685 0
-684 686 0
-684 687 0
-684 688 0
-684 689 0
-690 691 0
-690 692 0
-690 693 0
-690 694 0
-695 696 0
-695 697 0
-695 698 0
-695 699 0
-695 700 0
-701 702 0
-701 703 0
-701 704 0
-701 705 0
-706 685 0
-706 686 0
-706 687 0
-706 688 0
-706 689 0
-707 691 0
-707 694 0
-708 696 0
-708 697 0
-708 698 0
-708 699 0
-708 700 0
-709 710 0
-709 702 0
-709 703 0
-709 704 0
-709 705 0
-711 712 0
-711 682 0
-711 713 0
-711 683 0
-711 714 0
-715 691 0
-715 694 0
-716 696 0
-716 697 0
-716 698 0
-716 699 0
-716 700 0
-717 710 0
-717 702 0
-717 703 0
-717 704 0
-717 705 0
-718 682 0
-718 683 0
-719 685 0
-719 686 0
-719 688 0
-720 696 0
-720 697 0
-720 698 0
-720 699 0
-720 700 0
-721 710 0
-721 702 0
-721 703 0
-721 704 0
-721 705 0
-722 712 0
-722 682 0
-722 713 0
-722 683 0
-722 714 0
-723 685 0
-723 686 0
-723 687 0
-723 688 0
-723 689 0
-724 691 0
-724 692 0
-724 693 0
-724 694 0
-724 725 0
-710 726 0
-710 727 0
-702 728 0
-702 729 0
-702 730 0
-702 731 0
-702 732 0
-703 733 0
-703 734 0
-703 735 0
-703 736 0
-704 737 0
-704 738 0
-704 739 0
-704 740 0
-704 741 0
-712 742 0
-712 743 0
-712 744 0
-712 745 0
-682 728 0
-682 729 0
-682 730 0
-682 731 0
-682 732 0
-713 733 0
-713 736 0
-683 737 0
-683 738 0
-683 739 0
-683 740 0
-683 741 0
-685 746 0
-685 742 0
-685 743 0
-685 744 0
-685 745 0
-686 747 0
-686 726 0
-686 748 0
-686 727 0
-686 749 0
-687 733 0
-687 736 0
-688 737 0
-688 738 0
-688 739 0
-688 740 0
-688 741 0
-691 746 0
-691 742 0
-691 743 0
-691 744 0
-691 745 0
-692 726 0
-692 727 0
-693 728 0
-693 729 0
-693 731 0
-694 737 0
-694 738 0
-694 739 0
-694 740 0
-694 741 0
-696 746 0
-696 742 0
-696 743 0
-696 744 0
-696 745 0
-697 747 0
-697 726 0
-697 748 0
-697 727 0
-697 749 0
-698 728 0
-698 729 0
-698 730 0
-698 731 0
-698 732 0
-699 733 0
-699 734 0
-699 735 0
-699 736 0
-699 750 0
-746 751 0
-746 752 0
-742 753 0
-742 754 0
-742 755 0
-742 756 0
-742 757 0
-743 758 0
-743 759 0
-743 760 0
-743 761 0
-744 762 0
-744 763 0
-744 764 0
-744 765 0
-744 766 0
-747 767 0
-747 768 0
-747 769 0
-747 770 0
-726 753 0
-726 754 0
-726 755 0
-726 756 0
-726 757 0
-748 758 0
-748 761 0
-727 762 0
-727 763 0
-727 764 0
-727 765 0
-727 766 0
-728 771 0
-728 767 0
-728 768 0
-728 769 0
-728 770 0
-729 772 0
-729 751 0
-729 773 0
-729 752 0
-729 774 0
-730 758 0
-730 761 0
-731 762 0
-731 763 0
-731 764 0
-731 765 0
-731 766 0
-733 771 0
-733 767 0
-733 768 0
-733 769 0
-733 770 0
-734 751 0
-734 752 0
-735 753 0
-735 754 0
-735 756 0
-736 762 0
-736 763 0
-736 764 0
-736 765 0
-736 766 0
-737 771 0
-737 767 0
-737 768 0
-737 769 0
-737 770 0
-738 772 0
-738 751 0
-738 773 0
-738 752 0
-738 774 0
-739 753 0
-739 754 0
-739 755 0
-739 756 0
-739 757 0
-740 758 0
-740 759 0
-740 760 0
-740 761 0
-740 775 0
-771 776 0
-771 777 0
-767 778 0
-767 779 0
-767 780 0
-767 781 0
-767 782 0
-768 783 0
-768 784 0
-768 785 0
-768 786 0
-769 787 0
-769 788 0
-769 789 0
-769 790 0
-769 791 0
-772 792 0
-772 793 0
-772 794 0
-772 795 0
-751 778 0
-751 779 0
-751 780 0
-751 781 0
-751 782 0
-773 783 0
-773 786 0
-752 787 0
-752 788 0
-752 789 0
-752 790 0
-752 791 0
-753 796 0
-753 792 0
-753 793 0
-753 794 0
-753 795 0
-754 797 0
-754 776 0
-754 798 0
-754 777 0
-754 799 0
-755 783 0
-755 786 0
-756 787 0
-756 788 0
-756 789 0
-756 790 0
-756 791 0
-758 796 0
-758 792 0
-758 793 0
-758 794 0
-758 795 0
-759 776 0
-759 777 0
-760 778 0
-760 779 0
-760 781 0
-761 787 0
-761 788 0
-761 789 0
-761 790 0
-761 791 0
-762 796 0
-762 792 0
-762 793 0
-762 794 0
-762 795 0
-763 797 0
-763 776 0
-763 798 0
-763 777 0
-763 799 0
-764 778 0
-764 779 0
-764 780 0
-764 781 0
-764 782 0
-765 783 0
-765 784 0
-765 785 0
-765 786 0
-765 800 0
-796 801 0
-796 802 0
-792 803 0
-792 804 0
-792 805 0
-792 806 0
-792 807 0
-793 808 0
-793 809 0
-793 810 0
-793 811 0
-794 812 0
-794 813 0
-794 814 0
-794 815 0
-794 816 0
-797 817 0
-797 818 0
-797 819 0
-797 820 0
-776 803 0
-776 804 0
-776 805 0
-776 806 0
-776 807 0
-798 808 0
-798 811 0
-777 812 0
-777 813 0
-777 814 0
-777 815 0
-777 816 0
-778 821 0
-778 817 0
-778 818 0
-778 819 0
-778 820 0
-779 822 0
-779 801 0
-779 823 0
-779 802 0
-779 824 0
-780 808 0
-780 811 0
-781 812 0
-781 813 0
-781 814 0
-781 815 0
-781 816 0
-783 821 0
-783 817 0
-783 818 0
-783 819 0
-783 820 0
-784 801 0
-784 802 0
-785 803 0
-785 804 0
-785 806 0
-786 812 0
-786 813 0
-786 814 0
-786 815 0
-786 816 0
-787 821 0
-787 817 0
-787 818 0
-787 819 0
-787 820 0
-788 822 0
-788 801 0
-788 823 0
-788 802 0
-788 824 0
-789 803 0
-789 804 0
-789 805 0
-789 806 0
-789 807 0
-790 808 0
-790 809 0
-790 810 0
-790 811 0
-790 825 0
-821 826 0
-821 827 0
-817 828 0
-817 829 0
-817 830 0
-817 831 0
-817 832 0
-818 833 0
-818 834 0
-818 835 0
-818 836 0
-819 837 0
-819 838 0
-819 839 0
-819 840 0
-819 841 0
-822 842 0
-822 843 0
-822 844 0
-822 845 0
-801 828 0
-801 829 0
-801 830 0
-801 831 0
-801 832 0
-823 833 0
-823 836 0
-802 837 0
-802 838 0
-802 839 0
-802 840 0
-802 841 0
-803 846 0
-803 842 0
-803 843 0
-803 844 0
-803 845 0
-804 847 0
-804 826 0
-804 848 0
-804 827 0
-804 849 0
-805 833 0
-805 836 0
-806 837 0
-806 838 0
-806 839 0
-806 840 0
-806 841 0
-808 846 0
-808 842 0
-808 843 0
-808 844 0
-808 845 0
-809 826 0
-809 827 0
-810 828 0
-810 829 0
-810 831 0
-811 837 0
-811 838 0
-811 839 0
-811 840 0
-811 841 0
-812 846 0
-812 842 0
-812 843 0
-812 844 0
-812 845 0
-813 847 0
-813 826 0
-813 848 0
-813 827 0
-813 849 0
-814 828 0
-814 829 0
-814 830 0
-814 831 0
-814 832 0
-815 833 0
-815 834 0
-815 835 0
-815 836 0
-815 850 0
-851 852 0
-851 853 0
-854 855 0
-854 856 0
-854 857 0
-854 858 0
-854 859 0
-860 861 0
-860 862 0
-860 863 0
-860 864 0
-865 866 0
-865 867 0
-865 868 0
-865 869 0
-865 870 0
-871 872 0
-871 873 0
-871 874 0
-871 875 0
-876 855 0
-876 856 0
-876 857 0
-876 858 0
-876 859 0
-877 861 0
-877 864 0
-878 866 0
-878 867 0
-878 868 0
-878 869 0
-878 870 0
-879 880 0
-879 872 0
-879 873 0
-879 874 0
-879 875 0
-881 882 0
-881 852 0
-881 883 0
-881 853 0
-881 884 0
-885 861 0
-885 864 0
-886 866 0
-886 867 0
-886 868 0
-886 869 0
-886 870 0
-887 880 0
-887 872 0
-887 873 0
-887 874 0
-887 875 0
-888 852 0
-888 853 0
-889 855 0
-889 856 0
-889 858 0
-890 866 0
-890 867 0
-890 868 0
-890 869 0
-890 870 0
-891 880 0
-891 872 0
-891 873 0
-891 874 0
-891 875 0
-892 882 0
-892 852 0
-892 883 0
-892 853 0
-892 884 0
-893 855 0
-893 856 0
-893 857 0
-893 858 0
-893 859 0
-894 861 0
-894 862 0
-894 863 0
-894 864 0
-894 895 0
-880 896 0
-880 897 0
-872 898 0
-872 899 0
-872 900 0
-872 901 0
-872 902 0
-873 903 0
-873 904 0
-873 905 0
-873 906 0
-874 907 0
-874 908 0
-874 909 0
-874 910 0
-874 911 0
-882 912 0
-882 913 0
-882 914 0
-882 915 0
-852 898 0
-852 899 0
-852 900 0
-852 901 0
-852 902 0
-883 903 0
-883 906 0
-853 907 0
-853 908 0
-853 909 0
-853 910 0
-853 911 0
-855 916 0
-855 912 0
-855 913 0
-855 914 0
-855 915 0
-856 917 0
-856 896 0
-856 918 0
-856 897 0
-856 919 0
-857 903 0
-857 906 0
-858 907 0
-858 908 0
-858 909 0
-858 910 0
-858 911 0
-861 916 0
-861 912 0
-861 913 0
-861 914 0
-861 915 0
-862 896 0
-862 897 0
-863 898 0
-863 899 0
-863 901 0
-864 907 0
-864 908 0
-864 909 0
-864 910 0
-864 911 0
-866 916 0
-866 912 0
-866 913 0
-866 914 0
-866 915 0
-867 917 0
-867 896 0
-867 918 0
-867 897 0
-867 919 0
-868 898 0
-868 899 0
-868 900 0
-868 901 0
-868 902 0
-869 903 0
-869 904 0
-869 905 0
-869 906 0
-869 920 0
-916 921 0
-916 922 0
-912 923 0
-912 924 0
-912 925 0
-912 926 0
-912 927 0
-913 928 0
-913 929 0
-913 930 0
-913 931 0
-914 932 0
-914 933 0
-914 934 0
-914 935 0
-914 936 0
-917 937 0
-917 938 0
-917 939 0
-917 940 0
-896 923 0
-896 924 0
-896 925 0
-896 926 0
-896 927 0
-918 928 0
-918 931 0
-897 932 0
-897 933 0
-897 934 0
-897 935 0
-897 936 0
-898 941 0
-898 937 0
-898 938 0
-898 939 0
-898 940 0
-899 942 0
-899 921 0
-899 943 0
-899 922 0
-899 944 0
-900 928 0
-900 931 0
-901 932 0
-901 933 0
-901 934 0
-901 935 0
-901 936 0
-903 941 0
-903 937 0
-903 938 0
-903 939 0
-903 940 0
-904 921 0
-904 922 0
-905 923 0
-905 924 0
-905 926 0
-906 932 0
-906 933 0
-906 934 0
-906 935 0
-906 936 0
-907 941 0
-907 937 0
-907 938 0
-907 939 0
-907 940 0
-908 942 0
-908 921 0
-908 943 0
-908 922 0
-908 944 0
-909 923 0
-909 924 0
-909 925 0
-909 926 0
-909 927 0
-910 928 0
-910 929 0
-910 930 0
-910 931 0
-910 945 0
-941 946 0
-941 947 0
-937 948 0
-937 949 0
-937 950 0
-937 951 0
-937 952 0
-938 953 0
-938 954 0
-938 955 0
-938 956 0
-939 957 0
-939 958 0
-939 959 0
-939 960 0
-939 961 0
-942 962 0
-942 963 0
-942 964 0
-942 965 0
-921 948 0
-921 949 0
-921 950 0
-921 951 0
-921 952 0
-943 953 0
-943 956 0
-922 957 0
-922 958 0
-922 959 0
-922 960 0
-922 961 0
-923 966 0
-923 962 0
-923 963 0
-923 964 0
-923 965 0
-924 967 0
-924 946 0
-924 968 0
-924 947 0
-924 969 0
-925 953 0
-925 956 0
-926 957 0
-926 958 0
-926 959 0
-926 960 0
-926 961 0
-928 966 0
-928 962 0
-928 963 0
-928 964 0
-928 965 0
-929 946 0
-929 947 0
-930 948 0
-930 949 0
-930 951 0
-931 957 0
-931 958 0
-931 959 0
-931 960 0
-931 961 0
-932 966 0
-932 962 0
-932 963 0
-932 964 0
-932 965 0
-933 967 0
-933 946 0
-933 968 0
-933 947 0
-933 969 0
-934 948 0
-934 949 0
-934 950 0
-934 951 0
-934 952 0
-935 953 0
-935 954 0
-935 955 0
-935 956 0
-935 970 0
-966 971 0
-966 972 0
-962 973 0
-962 974 0
-962 975 0
-962 976 0
-962 977 0
-963 978 0
-963 979 0
-963 980 0
-963 981 0
-964 982 0
-964 983 0
-964 984 0
-964 985 0
-964 986 0
-967 987 0
-967 988 0
-967 989 0
-967 990 0
-946 973 0
-946 974 0
-946 975 0
-946 976 0
-946 977 0
-968 978 0
-968 981 0
-947 982 0
-947 983 0
-947 984 0
-947 985 0
-947 986 0
-948 991 0
-948 987 0
-948 988 0
-948 989 0
-948 990 0
-949 992 0
-949 971 0
-949 993 0
-949 972 0
-949 994 0
-950 978 0
-950 981 0
-951 982 0
-951 983 0
-951 984 0
-951 985 0
-951 986 0
-953 991 0
-953 987 0
-953 988 0
-953 989 0
-953 990 0
-954 971 0
-954 972 0
-955 973 0
-955 974 0
-955 976 0
-956 982 0
-956 983 0
-956 984 0
-956 985 0
-956 986 0
-957 991 0
-957 987 0
-957 988 0
-957 989 0
-957 990 0
-958 992 0
-958 971 0
-958 993 0
-958 972 0
-958 994 0
-959 973 0
-959 974 0
-959 975 0
-959 976 0
-959 977 0
-960 978 0
-960 979 0
-960 980 0
-960 981 0
-960 995 0
-991 996 0
-991 997 0
-987 998 0
-987 999 0
-987 1000 0
-987 1001 0
-987 1002 0
-988 1003 0
-988 1004 0
-988 1005 0
-988 1006 0
-989 1007 0
-989 1008 0
-989 1009 0
-989 1010 0
-989 1011 0
-992 1012 0
-992 1013 0
-992 1014 0
-992 1015 0
-971 998 0
-971 999 0
-971 1000 0
-971 1001 0
-971 1002 0
-993 1003 0
-993 1006 0
-972 1007 0
-972 1008 0
-972 1009 0
-972 1010 0
-972 1011 0
-973 1016 0
-973 1012 0
-973 1013 0
-973 1014 0
-973 1015 0
-974 1017 0
-974 996 0
-974 1018 0
-974 997 0
-974 1019 0
-975 1003 0
-975 1006 0
-976 1007 0
-976 1008 0
-976 1009 0
-976 1010 0
-976 1011 0
-978 1016 0
-978 1012 0
-978 1013 0
-978 1014 0
-978 1015 0
-979 996 0
-979 997 0
-980 998 0
-980 999 0
-980 1001 0
-981 1007 0
-981 1008 0
-981 1009 0
-981 1010 0
-981 1011 0
-982 1016 0
-982 1012 0
-982 1013 0
-982 1014 0
-982 1015 0
-983 1017 0
-983 996 0
-983 1018 0
-983 997 0
-983 1019 0
-984 998 0
-984 999 0
-984 1000 0
-984 1001 0
-984 1002 0
-985 1003 0
-985 1004 0
-985 1005 0
-985 1006 0
-985 1020 0
-1021 1022 0
-1021 1023 0
-1024 1025 0
-1024 1026 0
-1024 1027 0
-1024 1028 0
-1024 1029 0
-1030 1031 0
-1030 1032 0
-1030 1033 0
-1030 1034 0
-1035 1036 0
-1035 1037 0
-1035 1038 0
-1035 1039 0
-1035 1040 0
-1041 1042 0
-1041 1043 0
-1041 1044 0
-1041 1045 0
-1046 1025 0
-1046 1026 0
-1046 1027 0
-1046 1028 0
-1046 1029 0
-1047 1031 0
-1047 1034 0
-1048 1036 0
-1048 1037 0
-1048 1038 0
-1048 1039 0
-1048 1040 0
-1049 1050 0
-1049 1042 0
-1049 1043 0
-1049 1044 0
-1049 1045 0
-1051 1052 0
-1051 1022 0
-1051 1053 0
-1051 1023 0
-1051 1054 0
-1055 1031 0
-1055 1034 0
-1056 1036 0
-1056 1037 0
-1056 1038 0
-1056 1039 0
-1056 1040 0
-1057 1050 0
-1057 1042 0
-1057 1043 0
-1057 1044 0
-1057 1045 0
-1058 1022 0
-1058 1023 0
-1059 1025 0
-1059 1026 0
-1059 1028 0
-1060 1036 0
-1060 1037 0
-1060 1038 0
-1060 1039 0
-1060 1040 0
-1061 1050 0
-1061 1042 0
-1061 1043 0
-1061 1044 0
-1061 1045 0
-1062 1052 0
-1062 1022 0
-1062 1053 0
-1062 1023 0
-1062 1054 0
-1063 1025 0
-1063 1026 0
-1063 1027 0
-1063 1028 0
-1063 1029 0
-1064 1031 0
-1064 1032 0
-1064 1033 0
-1064 1034 0
-1064 1065 0
-1050 1066 0
-1050 1067 0
-1042 1068 0
-1042 1069 0
-1042 1070 0
-1042 1071 0
-1042 1072 0
-1043 1073 0
-1043 1074 0
-1043 1075 0
-1043 1076 0
-1044 1077 0
-1044 1078 0
-1044 1079 0
-1044 1080 0
-1044 1081 0
-1052 1082 0
-1052 1083 0
-1052 1084 0
-1052 1085 0
-1022 1068 0
-1022 1069 0
-1022 1070 0
-1022 1071 0
-1022 1072 0
-1053 1073 0
-1053 1076 0
-1023 1077 0
-1023 1078 0
-1023 1079 0
-1023 1080 0
-1023 1081 0
-1025 1086 0
-1025 1082 0
-1025 1083 0
-1025 1084 0
-1025 1085 0
-1026 1087 0
-1026 1066 0
-1026 1088 0
-1026 1067 0
-1026 1089 0
-1027 1073 0
-1027 1076 0
-1028 1077 0
-1028 1078 0
-1028 1079 0
-1028 1080 0
-1028 1081 0
-1031 1086 0
-1031 1082 0
-1031 1083 0
-1031 1084 0
-1031 1085 0
-1032 1066 0
-1032 1067 0
-1033 1068 0
-1033 1069 0
-1033 1071 0
-1034 1077 0
-1034 1078 0
-1034 1079 0
-1034 1080 0
-1034 1081 0
-1036 1086 0
-1036 1082 0
-1036 1083 0
-1036 1084 0
-1036 1085 0
-1037 1087 0
-1037 1066 0
-1037 1088 0
-1037 1067 0
-1037 1089 0
-1038 1068 0
-1038 1069 0
-1038 1070 0
-1038 1071 0
-1038 1072 0
-1039 1073 0
-1039 1074 0
-1039 1075 0
-1039 1076 0
-1039 1090 0
-1086 1091 0
-1086 1092 0
-1082 1093 0
-1082 1094 0
-1082 1095 0
-1082 1096 0
-1082 1097 0
-1083 1098 0
-1083 1099 0
-1083 1100 0
-1083 1101 0
-1084 1102 0
-1084 1103 0
-1084 1104 0
-1084 1105 0
-1084 1106 0
-1087 1107 0
-1087 1108 0
-1087 1109 0
-1087 1110 0
-1066 1093 0
-1066 1094 0
-1066 1095 0
-1066 1096 0
-1066 1097 0
-1088 1098 0
-1088 1101 0
-1067 1102 0
-1067 1103 0
-1067 1104 0
-1067 1105 0
-1067 1106 0
-1068 1111 0
-1068 1107 0
-1068 1108 0
-1068 1109 0
-1068 1110 0
-1069 1112 0
-1069 1091 0
-1069 1113 0
-1069 1092 0
-1069 1114 0
-1070 1098 0
-1070 1101 0
-1071 1102 0
-1071 1103 0
-1071 1104 0
-1071 1105 0
-1071 1106 0
-1073 1111 0
-1073 1107 0
-1073 1108 0
-1073 1109 0
-1073 1110 0
-1074 1091 0
-1074 1092 0
-1075 1093 0
-1075 1094 0
-1075 1096 0
-1076 1102 0
-1076 1103 0
-1076 1104 0
-1076 1105 0
-1076 1106 0
-1077 1111 0
-1077 1107 0
-1077 1108 0
-1077 1109 0
-1077 1110 0
-1078 1112 0
-1078 1091 0
-1078 1113 0
-1078 1092 0
-1078 1114 0
-1079 1093 0
-1079 1094 0
-1079 1095 0
-1079 1096 0
-1079 1097 0
-1080 1098 0
-1080 1099 0
-1080 1100 0
-1080 1101 0
-1080 1115 0
-1111 1116 0
-1111 1117 0
-1107 1118 0
-1107 1119 0
-1107 1120 0
-1107 1121 0
-1107 1122 0
-1108 1123 0
-1108 1124 0
-1108 1125 0
-1108 1126 0
-1109 1127 0
-1109 1128 0
-1109 1129 0
-1109 1130 0
-1109 1131 0
-1112 1132 0
-1112 1133 0
-1112 1134 0
-1112 1135 0
-1091 1118 0
-1091 1119 0
-1091 1120 0
-1091 1121 0
-1091 1122 0
-1113 1123 0
-1113 1126 0
-1092 1127 0
-1092 1128 0
-1092 1129 0
-1092 1130 0
-1092 1131 0
-1093 1136 0
-1093 1132 0
-1093 1133 0
-1093 1134 0
-1093 1135 0
-1094 1137 0
-1094 1116 0
-1094 1138 0
-1094 1117 0
-1094 1139 0
-1095 1123 0
-1095 1126 0
-1096 1127 0
-1096 1128 0
-1096 1129 0
-1096 1130 0
-1096 1131 0
-1098 1136 0
-1098 1132 0
-1098 1133 0
-1098 1134 0
-1098 1135 0
-1099 1116 0
-1099 1117 0
-1100 1118 0
-1100 1119 0
-1100 1121 0
-1101 1127 0
-1101 1128 0
-1101 1129 0
-1101 1130 0
-1101 1131 0
-1102 1136 0
-1102 1132 0
-1102 1133 0
-1102 1134 0
-1102 1135 0
-1103 1137 0
-1103 1116 0
-1103 1138 0
-1103 1117 0
-1103 1139 0
-1104 1118 0
-1104 1119 0
-1104 1120 0
-1104 1121 0
-1104 1122 0
-1105 1123 0
-1105 1124 0
-1105 1125 0
-1105 1126 0
-1105 1140 0
-1136 1141 0
-1136 1142 0
-1132 1143 0
-1132 1144 0
-1132 1145 0
-1132 1146 0
-1132 1147 0
-1133 1148 0
-1133 1149 0
-1133 1150 0
-1133 1151 0
-1134 1152 0
-1134 1153 0
-1134 1154 0
-1134 1155 0
-1134 1156 0
-1137 1157 0
-1137 1158 0
-1137 1159 0
-1137 1160 0
-1116 1143 0
-1116 1144 0
-1116 1145 0
-1116 1146 0
-1116 1147 0
-1138 1148 0
-1138 1151 0
-1117 1152 0
-1117 1153 0
-1117 1154 0
-1117 1155 0
-1117 1156 0
-1118 1161 0
-1118 1157 0
-1118 1158 0
-1118 1159 0
-1118 1160 0
-1119 1162 0
-1119 1141 0
-1119 1163 0
-1119 1142 0
-1119 1164 0
-1120 1148 0
-1120 1151 0
-1121 1152 0
-1121 1153 0
-1121 1154 0
-1121 1155 0
-1121 1156 0
-1123 1161 0
-1123 1157 0
-1123 1158 0
-1123 1159 0
-1123 1160 0
-1124 1141 0
-1124 1142 0
-1125 1143 0
-1125 1144 0
-1125 1146 0
-1126 1152 0
-1126 1153 0
-1126 1154 0
-1126 1155 0
-1126 1156 0
-1127 1161 0
-1127 1157 0
-1127 1158 0
-1127 1159 0
-1127 1160 0
-1128 1162 0
-1128 1141 0
-1128 1163 0
-1128 1142 0
-1128 1164 0
-1129 1143 0
-1129 1144 0
-1129 1145 0
-1129 1146 0
-1129 1147 0
-1130 1148 0
-1130 1149 0
-1130 1150 0
-1130 1151 0
-1130 1165 0
-1161 1166 0
-1161 1167 0
-1157 1168 0
-1157 1169 0
-1157 1170 0
-1157 1171 0
-1157 1172 0
-1158 1173 0
-1158 1174 0
-1158 1175 0
-1158 1176 0
-1159 1177 0
-1159 1178 0
-1159 1179 0
-1159 1180 0
-1159 1181 0
-1162 1182 0
-1162 1183 0
-1162 1184 0
-1162 1185 0
-1141 1168 0
-1141 1169 0
-1141 1170 0
-1141 1171 0
-1141 1172 0
-1163 1173 0
-1163 1176 0
-1142 1177 0
-1142 1178 0
-1142 1179 0
-1142 1180 0
-1142 1181 0
-1143 1186 0
-1143 1182 0
-1143 1183 0
-1143 1184 0
-1143 1185 0
-1144 1187 0
-1144 1166 0
-1144 1188 0
-1144 1167 0
-1144 1189 0
-1145 1173 0
-1145 1176 0
-1146 1177 0
-1146 1178 0
-1146 1179 0
-1146 1180 0
-1146 1181 0
-1148 1186 0
-1148 1182 0
-1148 1183 0
-1148 1184 0
-1148 1185 0
-1149 1166 0
-1149 1167 0
-1150 1168 0
-1150 1169 0
-1150 1171 0
-1151 1177 0
-1151 1178 0
-1151 1179 0
-1151 1180 0
-1151 1181 0
-1152 1186 0
-1152 1182 0
-1152 1183 0
-1152 1184 0
-1152 1185 0
-1153 1187 0
-1153 1166 0
-1153 1188 0
-1153 1167 0
-1153 1189 0
-1154 1168 0
-1154 1169 0
-1154 1170 0
-1154 1171 0
-1154 1172 0
-1155 1173 0
-1155 1174 0
-1155 1175 0
-1155 1176 0
-1155 1190 0
-1191 1192 0
-1191 1193 0
-1194 1195 0
-1194 1196 0
-1194 1197 0
-1194 1198 0
-1194 1199 0
-1200 1201 0
-1200 1202 0
-1200 1203 0
-1200 1204 0
-1205 1206 0
-1205 1207 0
-1205 1208 0
-1205 1209 0
-1205 1210 0
-1211 1212 0
-1211 1213 0
-1211 1214 0
-1211 1215 0
-1216 1195 0
-1216 1196 0
-1216 1197 0
-1216 1198 0
-1216 1199 0
-1217 1201 0
-1217 1204 0
-1218 1206 0
-1218 1207 0
-1218 1208 0
-1218 1209 0
-1218 1210 0
-1219 1220 0
-1219 1212 0
-1219 1213 0
-1219 1214 0
-1219 1215 0
-1221 1222 0
-1221 1192 0
-1221 1223 0
-1221 1193 0
-1221 1224 0
-1225 1201 0
-1225 1204 0
-1226 1206 0
-1226 1207 0
-1226 1208 0
-1226 1209 0
-1226 1210 0
-1227 1220 0
-1227 1212 0
-1227 1213 0
-1227 1214 0
-1227 1215 0
-1228 1192 0
-1228 1193 0
-1229 1195 0
-1229 1196 0
-1229 1198 0
-1230 1206 0
-1230 1207 0
-1230 1208 0
-1230 1209 0
-1230 1210 0
-1231 1220 0
-1231 1212 0
-1231 1213 0
-1231 1214 0
-1231 1215 0
-1232 1222 0
-1232 1192 0
-1232 1223 0
-1232 1193 0
-1232 1224 0
-1233 1195 0
-1233 1196 0
-1233 1197 0
-1233 1198 0
-1233 1199 0
-1234 1201 0
-1234 1202 0
-1234 1203 0
-1234 1204 0
-1234 1235 0
-1220 1236 0
-1220 1237 0
-1212 1238 0
-1212 1239 0
-1212 1240 0
-1212 1241 0
-1212 1242 0
-1213 1243 0
-1213 1244 0
-1213 1245 0
-1213 1246 0
-1214 1247 0
-1214 1248 0
-1214 1249 0
-1214 1250 0
-1214 1251 0
-1222 1252 0
-1222 1253 0
-1222 1254 0
-1222 1255 0
-1192 1238 0
-1192 1239 0
-1192 1240 0
-1192 1241 0
-1192 1242 0
-1223 1243 0
-1223 1246 0
-1193 1247 0
-1193 1248 0
-1193 1249 0
-1193 1250 0
-1193 1251 0
-1195 1256 0
-1195 1252 0
-1195 1253 0
-1195 1254 0
-1195 1255 0
-1196 1257 0
-1196 1236 0
-1196 1258 0
-1196 1237 0
-1196 1259 0
-1197 1243 0
-1197 1246 0
-1198 1247 0
-1198 1248 0
-1198 1249 0
-1198 1250 0
-1198 1251 0
-1201 1256 0
-1201 1252 0
-1201 1253 0
-1201 1254 0
-1201 1255 0
-1202 1236 0
-1202 1237 0
-1203 1238 0
-1203 1239 0
-1203 1241 0
-1204 1247 0
-1204 1248 0
-1204 1249 0
-1204 1250 0
-1204 1251 0
-1206 1256 0
-1206 1252 0
-1206 1253 0
-1206 1254 0
-1206 1255 0
-1207 1257 0
-1207 1236 0
-1207 1258 0
-1207 1237 0
-1207 1259 0
-1208 1238 0
-1208 1239 0
-1208 1240 0
-1208 1241 0
-1208 1242 0
-1209 1243 0
-1209 1244 0
-1209 1245 0
-1209 1246 0
-1209 1260 0
-1256 1261 0
-1256 1262 0
-1252 1263 0
-1252 1264 0
-1252 1265 0
-1252 1266 0
-1252 1267 0
-1253 1268 0
-1253 1269 0
-1253 1270 0
-1253 1271 0
-1254 1272 0
-1254 1273 0
-1254 1274 0
-1254 1275 0
-1254 1276 0
-1257 1277 0
-1257 1278 0
-1257 1279 0
-1257 1280 0
-1236 1263 0
-1236 1264 0
-1236 1265 0
-1236 1266 0
-1236 1267 0
-1258 1268 0
-1258 1271 0
-1237 1272 0
-1237 1273 0
-1237 1274 0
-1237 1275 0
-1237 1276 0
-1238 1281 0
-1238 1277 0
-1238 1278 0
-1238 1279 0
-1238 1280 0
-1239 1282 0
-1239 1261 0
-1239 1283 0
-1239 1262 0
-1239 1284 0
-1240 1268 0
-1240 1271 0
-1241 1272 0
-1241 1273 0
-1241 1274 0
-1241 1275 0
-1241 1276 0
-1243 1281 0
-1243 1277 0
-1243 1278 0
-1243 1279 0
-1243 1280 0
-1244 1261 0
-1244 1262 0
-1245 1263 0
-1245 1264 0
-1245 1266 0
-1246 1272 0
-1246 1273 0
-1246 1274 0
-1246 1275 0
-1246 1276 0
-1247 1281 0
-1247 1277 0
-1247 1278 0
-1247 1279 0
-1247 1280 0
-1248 1282 0
-1248 1261 0
-1248 1283 0
-1248 1262 0
-1248 1284 0
-1249 1263 0
-1249 1264 0
-1249 1265 0
-1249 1266 0
-1249 1267 0
-1250 1268 0
-1250 1269 0
-1250 1270 0
-1250 1271 0
-1250 1285 0
-1281 1286 0
-1281 1287 0
-1277 1288 0
-1277 1289 0
-1277 1290 0
-1277 1291 0
-1277 1292 0
-1278 1293 0
-1278 1294 0
-1278 1295 0
-1278 1296 0
-1279 1297 0
-1279 1298 0
-1279 1299 0
-1279 1300 0
-1279 1301 0
-1282 1302 0
-1282 1303 0
-1282 1304 0
-1282 1305 0
-1261 1288 0
-1261 1289 0
-1261 1290 0
-1261 1291 0
-1261 1292 0
-1283 1293 0
-1283 1296 0
-1262 1297 0
-1262 1298 0
-1262 1299 0
-1262 1300 0
-1262 1301 0
-1263 1306 0
-1263 1302 0
-1263 1303 0
-1263 1304 0
-1263 1305 0
-1264 1307 0
-1264 1286 0
-1264 1308 0
-1264 1287 0
-1264 1309 0
-1265 1293 0
-1265 1296 0
-1266 1297 0
-1266 1298 0
-1266 1299 0
-1266 1300 0
-1266 1301 0
-1268 1306 0
-1268 1302 0
-1268 1303 0
-1268 1304 0
-1268 1305 0
-1269 1286 0
-1269 1287 0
-1270 1288 0
-1270 1289 0
-1270 1291 0
-1271 1297 0
-1271 1298 0
-1271 1299 0
-1271 1300 0
-1271 1301 0
-1272 1306 0
-1272 1302 0
-1272 1303 0
-1272 1304 0
-1272 1305 0
-1273 1307 0
-1273 1286 0
-1273 1308 0
-1273 1287 0
-1273 1309 0
-1274 1288 0
-1274 1289 0
-1274 1290 0
-1274 1291 0
-1274 1292 0
-1275 1293 0
-1275 1294 0
-1275 1295 0
-1275 1296 0
-1275 1310 0
-1306 1311 0
-1306 1312 0
-1302 1313 0
-1302 1314 0
-1302 1315 0
-1302 1316 0
-1302 1317 0
-1303 1318 0
-1303 1319 0
-1303 1320 0
-1303 1321 0
-1304 1322 0
-1304 1323 0
-1304 1324 0
-1304 1325 0
-1304 1326 0
-1307 1327 0
-1307 1328 0
-1307 1329 0
-1307 1330 0
-1286 1313 0
-1286 1314 0
-1286 1315 0
-1286 1316 0
-1286 1317 0
-1308 1318 0
-1308 1321 0
-1287 1322 0
-1287 1323 0
-1287 1324 0
-1287 1325 0
-1287 1326 0
-1288 1331 0
-1288 1327 0
-1288 1328 0
-1288 1329 0
-1288 1330 0
-1289 1332 0
-1289 1311 0
-1289 1333 0
-1289 1312 0
-1289 1334 0
-1290 1318 0
-1290 1321 0
-1291 1322 0
-1291 1323 0
-1291 1324 0
-1291 1325 0
-1291 1326 0
-1293 1331 0
-1293 1327 0
-1293 1328 0
-1293 1329 0
-1293 1330 0
-1294 1311 0
-1294 1312 0
-1295 1313 0
-1295 1314 0
-1295 1316 0
-1296 1322 0
-1296 1323 0
-1296 1324 0
-1296 1325 0
-1296 1326 0
-1297 1331 0
-1297 1327 0
-1297 1328 0
-1297 1329 0
-1297 1330 0
-1298 1332 0
-1298 1311 0
-1298 1333 0
-1298 1312 0
-1298 1334 0
-1299 1313 0
-1299 1314 0
-1299 1315 0
-1299 1316 0
-1299 1317 0
-1300 1318 0
-1300 1319 0
-1300 1320 0
-1300 1321 0
-1300 1335 0
-1331 1336 0
-1331 1337 0
-1327 1338 0
-1327 1339 0
-1327 1340 0
-1327 1341 0
-1327 1342 0
-1328 1343 0
-1328 1344 0
-1328 1345 0
-1328 1346 0
-1329 1347 0
-1329 1348 0
-1329 1349 0
-1329 1350 0
-1329 1351 0
-1332 1352 0
-1332 1353 0
-1332 1354 0
-1332 1355 0
-1311 1338 0
-1311 1339 0
-1311 1340 0
-1311 1341 0
-1311 1342 0
-1333 1343 0
-1333 1346 0
-1312 1347 0
-1312 1348 0
-1312 1349 0
-1312 1350 0
-1312 1351 0
-1313 1356 0
-1313 1352 0
-1313 1353 0
-1313 1354 0
-1313 1355 0
-1314 1357 0
-1314 1336 0
-1314 1358 0
-1314 1337 0
-1314 1359 0
-1315 1343 0
-1315 1346 0
-1316 1347 0
-1316 1348 0
-1316 1349 0
-1316 1350 0
-1316 1351 0
-1318 1356 0
-1318 1352 0
-1318 1353 0
-1318 1354 0
-1318 1355 0
-1319 1336 0
-1319 1337 0
-1320 1338 0
-1320 1339 0
-1320 1341 0
-1321 1347 0
-1321 1348 0
-1321 1349 0
-1321 1350 0
-1321 1351 0
-1322 1356 0
-1322 1352 0
-1322 1353 0
-1322 1354 0
-1322 1355 0
-1323 1357 0
-1323 1336 0
-1323 1358 0
-1323 1337 0
-1323 1359 0
-1324 1338 0
-1324 1339 0
-1324 1340 0
-1324 1341 0
-1324 1342 0
-1325 1343 0
-1325 1344 0
-1325 1345 0
-1325 1346 0
-1325 1360 0
